(kicad_pcb (version 20171130) (host pcbnew "(5.0.1)-3")

  (general
    (thickness 1.6)
    (drawings 5)
    (tracks 231)
    (zones 0)
    (modules 36)
    (nets 43)
  )

  (page A4)
  (layers
    (0 F.Cu signal)
    (31 B.Cu signal)
    (32 B.Adhes user)
    (33 F.Adhes user)
    (34 B.Paste user)
    (35 F.Paste user)
    (36 B.SilkS user)
    (37 F.SilkS user)
    (38 B.Mask user)
    (39 F.Mask user)
    (40 Dwgs.User user)
    (41 Cmts.User user)
    (42 Eco1.User user)
    (43 Eco2.User user)
    (44 Edge.Cuts user)
    (45 Margin user)
    (46 B.CrtYd user)
    (47 F.CrtYd user)
    (48 B.Fab user)
    (49 F.Fab user)
  )

  (setup
    (last_trace_width 0.5)
    (trace_clearance 0.2)
    (zone_clearance 0.508)
    (zone_45_only no)
    (trace_min 0.2)
    (segment_width 0.2)
    (edge_width 0.15)
    (via_size 0.8)
    (via_drill 0.4)
    (via_min_size 0.4)
    (via_min_drill 0.3)
    (uvia_size 0.3)
    (uvia_drill 0.1)
    (uvias_allowed no)
    (uvia_min_size 0.2)
    (uvia_min_drill 0.1)
    (pcb_text_width 0.3)
    (pcb_text_size 1.5 1.5)
    (mod_edge_width 0.15)
    (mod_text_size 1 1)
    (mod_text_width 0.15)
    (pad_size 1.524 1.524)
    (pad_drill 0.762)
    (pad_to_mask_clearance 0.051)
    (solder_mask_min_width 0.25)
    (aux_axis_origin 0 0)
    (visible_elements 7FFFFFFF)
    (pcbplotparams
      (layerselection 0x010f0_ffffffff)
      (usegerberextensions false)
      (usegerberattributes false)
      (usegerberadvancedattributes false)
      (creategerberjobfile false)
      (excludeedgelayer true)
      (linewidth 0.100000)
      (plotframeref false)
      (viasonmask false)
      (mode 1)
      (useauxorigin false)
      (hpglpennumber 1)
      (hpglpenspeed 20)
      (hpglpendiameter 15.000000)
      (psnegative false)
      (psa4output false)
      (plotreference true)
      (plotvalue true)
      (plotinvisibletext false)
      (padsonsilk false)
      (subtractmaskfromsilk false)
      (outputformat 1)
      (mirror false)
      (drillshape 0)
      (scaleselection 1)
      (outputdirectory ""))
  )

  (net 0 "")
  (net 1 +12V)
  (net 2 GND)
  (net 3 "Net-(CV_in1-Pad2)")
  (net 4 /CVin_F)
  (net 5 "Net-(CycleOutJack1-Pad2)")
  (net 6 /OutC_F)
  (net 7 "Net-(D3-Pad1)")
  (net 8 "Net-(D4-Pad1)")
  (net 9 "Net-(D5-Pad1)")
  (net 10 /+3_3V)
  (net 11 /LED_L_F)
  (net 12 /LED_D_F)
  (net 13 /Led_Shi_F)
  (net 14 /Led_ShCV_F)
  (net 15 /LED_Sh_F)
  (net 16 "Net-(DigiOutJack1-Pad2)")
  (net 17 /OutM_F)
  (net 18 /OutT_F)
  (net 19 "Net-(DigiThruJack1-Pad2)")
  (net 20 /SW_OutMode2_F)
  (net 21 /SW_OutMode1_F)
  (net 22 /SW_CVassgn_F)
  (net 23 /SW_DivEuc2_F)
  (net 24 /SW_DivEuc1_F)
  (net 25 /EncoderSw_F)
  (net 26 /EncoderB_F)
  (net 27 /EncoderA_F)
  (net 28 /Pot_CVamt_F)
  (net 29 /Pot_Divisions_F)
  (net 30 /Pot_Length_F)
  (net 31 /CLin_F)
  (net 32 /Rin_F)
  (net 33 "Net-(Q1-Pad1)")
  (net 34 "Net-(Q2-Pad1)")
  (net 35 "Net-(Q3-Pad1)")
  (net 36 "Net-(Reset_In1-Pad2)")
  (net 37 "Net-(Trigger/Clock_in1-Pad2)")
  (net 38 "Net-(D10-Pad2)")
  (net 39 "Net-(D11-Pad2)")
  (net 40 "Net-(D12-Pad2)")
  (net 41 "Net-(D13-Pad2)")
  (net 42 "Net-(D14-Pad2)")

  (net_class Default "This is the default net class."
    (clearance 0.2)
    (trace_width 0.5)
    (via_dia 0.8)
    (via_drill 0.4)
    (uvia_dia 0.3)
    (uvia_drill 0.1)
    (add_net /CLin_F)
    (add_net /CVin_F)
    (add_net /EncoderA_F)
    (add_net /EncoderB_F)
    (add_net /EncoderSw_F)
    (add_net /LED_D_F)
    (add_net /LED_L_F)
    (add_net /LED_Sh_F)
    (add_net /Led_ShCV_F)
    (add_net /Led_Shi_F)
    (add_net /OutC_F)
    (add_net /OutM_F)
    (add_net /OutT_F)
    (add_net /Pot_CVamt_F)
    (add_net /Pot_Divisions_F)
    (add_net /Pot_Length_F)
    (add_net /Rin_F)
    (add_net /SW_CVassgn_F)
    (add_net /SW_DivEuc1_F)
    (add_net /SW_DivEuc2_F)
    (add_net /SW_OutMode1_F)
    (add_net /SW_OutMode2_F)
    (add_net GND)
    (add_net "Net-(CV_in1-Pad2)")
    (add_net "Net-(CycleOutJack1-Pad2)")
    (add_net "Net-(D10-Pad2)")
    (add_net "Net-(D11-Pad2)")
    (add_net "Net-(D12-Pad2)")
    (add_net "Net-(D13-Pad2)")
    (add_net "Net-(D14-Pad2)")
    (add_net "Net-(D3-Pad1)")
    (add_net "Net-(D4-Pad1)")
    (add_net "Net-(D5-Pad1)")
    (add_net "Net-(DigiOutJack1-Pad2)")
    (add_net "Net-(DigiThruJack1-Pad2)")
    (add_net "Net-(Q1-Pad1)")
    (add_net "Net-(Q2-Pad1)")
    (add_net "Net-(Q3-Pad1)")
    (add_net "Net-(Reset_In1-Pad2)")
    (add_net "Net-(Trigger/Clock_in1-Pad2)")
  )

  (net_class Power ""
    (clearance 0.2)
    (trace_width 1.27)
    (via_dia 1.2)
    (via_drill 0.4)
    (uvia_dia 0.3)
    (uvia_drill 0.1)
    (add_net +12V)
    (add_net /+3_3V)
  )

  (module Eurocad:PJ301M-12 locked (layer F.Cu) (tedit 5CA22CEA) (tstamp 5CAD0FA4)
    (at 47 113.5 90)
    (path /5BD6E46D)
    (fp_text reference CV_in1 (at 4.064 5.588 90) (layer F.SilkS) hide
      (effects (font (size 1 1) (thickness 0.15)))
    )
    (fp_text value PJ301M-12 (at 0 -7.112 90) (layer F.Fab)
      (effects (font (size 1 1) (thickness 0.15)))
    )
    (fp_line (start -4.5 -6.2) (end 4.5 -6.2) (layer F.SilkS) (width 0.15))
    (fp_line (start -4.5 4.7) (end 4.5 4.7) (layer F.SilkS) (width 0.15))
    (fp_line (start -4.5 -6.2) (end -4.5 4.7) (layer F.SilkS) (width 0.15))
    (fp_line (start 4.5 -6.2) (end 4.5 4.7) (layer F.SilkS) (width 0.15))
    (fp_circle (center 0 0) (end 1.8 0) (layer F.SilkS) (width 0.15))
    (fp_line (start 0 -1.8) (end 0 1.8) (layer F.SilkS) (width 0.15))
    (fp_line (start -1.8 0) (end 1.8 0) (layer F.SilkS) (width 0.15))
    (pad 3 thru_hole circle (at 0 -4.92 90) (size 1.8 1.8) (drill 1.6) (layers *.Cu *.Mask)
      (net 4 /CVin_F))
    (pad 1 thru_hole circle (at 0 6.48 90) (size 1.8 1.8) (drill 1.6) (layers *.Cu *.Mask)
      (net 2 GND))
    (pad 2 thru_hole circle (at 0 3.38 90) (size 1.8 1.8) (drill 1.6) (layers *.Cu *.Mask)
      (net 3 "Net-(CV_in1-Pad2)"))
  )

  (module Eurocad:PJ301M-12 locked (layer F.Cu) (tedit 5CA22CEF) (tstamp 5CAD14E6)
    (at 35 113.5 180)
    (path /5C9B1449)
    (fp_text reference Reset_In1 (at 4.064 5.588 180) (layer F.SilkS) hide
      (effects (font (size 1 1) (thickness 0.15)))
    )
    (fp_text value PJ301M-12 (at 0 -7.112 180) (layer F.Fab)
      (effects (font (size 1 1) (thickness 0.15)))
    )
    (fp_line (start -4.5 -6.2) (end 4.5 -6.2) (layer F.SilkS) (width 0.15))
    (fp_line (start -4.5 4.7) (end 4.5 4.7) (layer F.SilkS) (width 0.15))
    (fp_line (start -4.5 -6.2) (end -4.5 4.7) (layer F.SilkS) (width 0.15))
    (fp_line (start 4.5 -6.2) (end 4.5 4.7) (layer F.SilkS) (width 0.15))
    (fp_circle (center 0 0) (end 1.8 0) (layer F.SilkS) (width 0.15))
    (fp_line (start 0 -1.8) (end 0 1.8) (layer F.SilkS) (width 0.15))
    (fp_line (start -1.8 0) (end 1.8 0) (layer F.SilkS) (width 0.15))
    (pad 3 thru_hole circle (at 0 -4.92 180) (size 1.8 1.8) (drill 1.6) (layers *.Cu *.Mask)
      (net 32 /Rin_F))
    (pad 1 thru_hole circle (at 0 6.48 180) (size 1.8 1.8) (drill 1.6) (layers *.Cu *.Mask)
      (net 2 GND))
    (pad 2 thru_hole circle (at 0 3.38 180) (size 1.8 1.8) (drill 1.6) (layers *.Cu *.Mask)
      (net 36 "Net-(Reset_In1-Pad2)"))
  )

  (module Eurocad:PJ301M-12 locked (layer F.Cu) (tedit 5CA236B9) (tstamp 5CAD1567)
    (at 23 113.5 270)
    (path /5BD68CC8)
    (fp_text reference Trigger/Clock_in1 (at 4.064 5.588 270) (layer F.SilkS) hide
      (effects (font (size 1 1) (thickness 0.15)))
    )
    (fp_text value PJ301M-12 (at 0 -7.112 270) (layer F.Fab)
      (effects (font (size 1 1) (thickness 0.15)))
    )
    (fp_line (start -4.5 -6.2) (end 4.5 -6.2) (layer F.SilkS) (width 0.15))
    (fp_line (start -4.5 4.7) (end 4.5 4.7) (layer F.SilkS) (width 0.15))
    (fp_line (start -4.5 -6.2) (end -4.5 4.7) (layer F.SilkS) (width 0.15))
    (fp_line (start 4.5 -6.2) (end 4.5 4.7) (layer F.SilkS) (width 0.15))
    (fp_circle (center 0 0) (end 1.8 0) (layer F.SilkS) (width 0.15))
    (fp_line (start 0 -1.8) (end 0 1.8) (layer F.SilkS) (width 0.15))
    (fp_line (start -1.8 0) (end 1.8 0) (layer F.SilkS) (width 0.15))
    (pad 3 thru_hole circle (at 0 -4.92 270) (size 1.8 1.8) (drill 1.6) (layers *.Cu *.Mask)
      (net 31 /CLin_F))
    (pad 1 thru_hole circle (at 0 6.48 270) (size 1.8 1.8) (drill 1.6) (layers *.Cu *.Mask)
      (net 2 GND))
    (pad 2 thru_hole circle (at 0 3.38 270) (size 1.8 1.8) (drill 1.6) (layers *.Cu *.Mask)
      (net 37 "Net-(Trigger/Clock_in1-Pad2)"))
  )

  (module Eurocad:PJ301M-12 locked (layer F.Cu) (tedit 5CA22CE5) (tstamp 5CAD1120)
    (at 47 101)
    (path /5BDF7617)
    (fp_text reference DigiThruJack1 (at 4.064 5.588) (layer F.SilkS) hide
      (effects (font (size 1 1) (thickness 0.15)))
    )
    (fp_text value PJ301M-12 (at 0 -7.112) (layer F.Fab)
      (effects (font (size 1 1) (thickness 0.15)))
    )
    (fp_line (start -4.5 -6.2) (end 4.5 -6.2) (layer F.SilkS) (width 0.15))
    (fp_line (start -4.5 4.7) (end 4.5 4.7) (layer F.SilkS) (width 0.15))
    (fp_line (start -4.5 -6.2) (end -4.5 4.7) (layer F.SilkS) (width 0.15))
    (fp_line (start 4.5 -6.2) (end 4.5 4.7) (layer F.SilkS) (width 0.15))
    (fp_circle (center 0 0) (end 1.8 0) (layer F.SilkS) (width 0.15))
    (fp_line (start 0 -1.8) (end 0 1.8) (layer F.SilkS) (width 0.15))
    (fp_line (start -1.8 0) (end 1.8 0) (layer F.SilkS) (width 0.15))
    (pad 3 thru_hole circle (at 0 -4.92) (size 1.8 1.8) (drill 1.6) (layers *.Cu *.Mask)
      (net 18 /OutT_F))
    (pad 1 thru_hole circle (at 0 6.48) (size 1.8 1.8) (drill 1.6) (layers *.Cu *.Mask)
      (net 2 GND))
    (pad 2 thru_hole circle (at 0 3.38) (size 1.8 1.8) (drill 1.6) (layers *.Cu *.Mask)
      (net 19 "Net-(DigiThruJack1-Pad2)"))
  )

  (module Eurocad:PJ301M-12 (layer F.Cu) (tedit 5CA22CD8) (tstamp 5CAD0FB2)
    (at 35 100.5 270)
    (path /5BDBAD9C)
    (fp_text reference CycleOutJack1 (at 4.064 5.588 270) (layer F.SilkS) hide
      (effects (font (size 1 1) (thickness 0.15)))
    )
    (fp_text value PJ301M-12 (at 0 -7.112 270) (layer F.Fab)
      (effects (font (size 1 1) (thickness 0.15)))
    )
    (fp_line (start -4.5 -6.2) (end 4.5 -6.2) (layer F.SilkS) (width 0.15))
    (fp_line (start -4.5 4.7) (end 4.5 4.7) (layer F.SilkS) (width 0.15))
    (fp_line (start -4.5 -6.2) (end -4.5 4.7) (layer F.SilkS) (width 0.15))
    (fp_line (start 4.5 -6.2) (end 4.5 4.7) (layer F.SilkS) (width 0.15))
    (fp_circle (center 0 0) (end 1.8 0) (layer F.SilkS) (width 0.15))
    (fp_line (start 0 -1.8) (end 0 1.8) (layer F.SilkS) (width 0.15))
    (fp_line (start -1.8 0) (end 1.8 0) (layer F.SilkS) (width 0.15))
    (pad 3 thru_hole circle (at 0 -4.92 270) (size 1.8 1.8) (drill 1.6) (layers *.Cu *.Mask)
      (net 6 /OutC_F))
    (pad 1 thru_hole circle (at 0 6.48 270) (size 1.8 1.8) (drill 1.6) (layers *.Cu *.Mask)
      (net 2 GND))
    (pad 2 thru_hole circle (at 0 3.38 270) (size 1.8 1.8) (drill 1.6) (layers *.Cu *.Mask)
      (net 5 "Net-(CycleOutJack1-Pad2)"))
  )

  (module Eurocad:PJ301M-12 locked (layer F.Cu) (tedit 5CA22CE0) (tstamp 5CAD1112)
    (at 23 100.5)
    (path /5BDDE9F8)
    (fp_text reference DigiOutJack1 (at 4.064 5.588) (layer F.SilkS) hide
      (effects (font (size 1 1) (thickness 0.15)))
    )
    (fp_text value PJ301M-12 (at 0 -7.112) (layer F.Fab)
      (effects (font (size 1 1) (thickness 0.15)))
    )
    (fp_line (start -4.5 -6.2) (end 4.5 -6.2) (layer F.SilkS) (width 0.15))
    (fp_line (start -4.5 4.7) (end 4.5 4.7) (layer F.SilkS) (width 0.15))
    (fp_line (start -4.5 -6.2) (end -4.5 4.7) (layer F.SilkS) (width 0.15))
    (fp_line (start 4.5 -6.2) (end 4.5 4.7) (layer F.SilkS) (width 0.15))
    (fp_circle (center 0 0) (end 1.8 0) (layer F.SilkS) (width 0.15))
    (fp_line (start 0 -1.8) (end 0 1.8) (layer F.SilkS) (width 0.15))
    (fp_line (start -1.8 0) (end 1.8 0) (layer F.SilkS) (width 0.15))
    (pad 3 thru_hole circle (at 0 -4.92) (size 1.8 1.8) (drill 1.6) (layers *.Cu *.Mask)
      (net 17 /OutM_F))
    (pad 1 thru_hole circle (at 0 6.48) (size 1.8 1.8) (drill 1.6) (layers *.Cu *.Mask)
      (net 2 GND))
    (pad 2 thru_hole circle (at 0 3.38) (size 1.8 1.8) (drill 1.6) (layers *.Cu *.Mask)
      (net 16 "Net-(DigiOutJack1-Pad2)"))
  )

  (module Eurocad:Alpha9mmPot locked (layer F.Cu) (tedit 5CA22A96) (tstamp 5CAD14F6)
    (at 29 22 270)
    (path /5BD9E565)
    (fp_text reference RV1 (at 0 9.5 270) (layer F.SilkS)
      (effects (font (size 1 1) (thickness 0.15)))
    )
    (fp_text value 10k (at 0 -6 270) (layer F.Fab)
      (effects (font (size 1 1) (thickness 0.15)))
    )
    (fp_line (start -4.75 -4.85) (end 4.75 -4.85) (layer F.SilkS) (width 0.15))
    (fp_line (start -4.75 6.5) (end 4.75 6.5) (layer F.SilkS) (width 0.15))
    (fp_line (start 4.75 -4.85) (end 4.75 6.5) (layer F.SilkS) (width 0.15))
    (fp_line (start -4.75 -4.85) (end -4.75 6.5) (layer F.SilkS) (width 0.15))
    (fp_circle (center 0 0) (end 3.175 0) (layer F.SilkS) (width 0.15))
    (fp_line (start 0 -1.27) (end 0 1.27) (layer F.SilkS) (width 0.15))
    (fp_line (start -1.27 0) (end 1.27 0) (layer F.SilkS) (width 0.15))
    (pad "" thru_hole circle (at 4.8 0 270) (size 2 2) (drill 1.8) (layers *.Cu *.Mask))
    (pad "" thru_hole circle (at -4.8 0 270) (size 2 2) (drill 1.8) (layers *.Cu *.Mask))
    (pad 3 thru_hole circle (at 2.5 7.5 270) (size 1.3 1.3) (drill 1) (layers *.Cu *.Mask)
      (net 2 GND))
    (pad 2 thru_hole circle (at 0 7.5 270) (size 1.3 1.3) (drill 1) (layers *.Cu *.Mask)
      (net 30 /Pot_Length_F))
    (pad 1 thru_hole circle (at -2.5 7.5 270) (size 1.3 1.3) (drill 1) (layers *.Cu *.Mask)
      (net 10 /+3_3V))
  )

  (module Eurocad:Alpha9mmPot locked (layer F.Cu) (tedit 5CA22A96) (tstamp 5CAD1506)
    (at 45 78 270)
    (path /5BD9FB7C)
    (fp_text reference RV2 (at 0 9.5 270) (layer F.SilkS)
      (effects (font (size 1 1) (thickness 0.15)))
    )
    (fp_text value 10k (at 0 -6 270) (layer F.Fab)
      (effects (font (size 1 1) (thickness 0.15)))
    )
    (fp_line (start -4.75 -4.85) (end 4.75 -4.85) (layer F.SilkS) (width 0.15))
    (fp_line (start -4.75 6.5) (end 4.75 6.5) (layer F.SilkS) (width 0.15))
    (fp_line (start 4.75 -4.85) (end 4.75 6.5) (layer F.SilkS) (width 0.15))
    (fp_line (start -4.75 -4.85) (end -4.75 6.5) (layer F.SilkS) (width 0.15))
    (fp_circle (center 0 0) (end 3.175 0) (layer F.SilkS) (width 0.15))
    (fp_line (start 0 -1.27) (end 0 1.27) (layer F.SilkS) (width 0.15))
    (fp_line (start -1.27 0) (end 1.27 0) (layer F.SilkS) (width 0.15))
    (pad "" thru_hole circle (at 4.8 0 270) (size 2 2) (drill 1.8) (layers *.Cu *.Mask))
    (pad "" thru_hole circle (at -4.8 0 270) (size 2 2) (drill 1.8) (layers *.Cu *.Mask))
    (pad 3 thru_hole circle (at 2.5 7.5 270) (size 1.3 1.3) (drill 1) (layers *.Cu *.Mask)
      (net 2 GND))
    (pad 2 thru_hole circle (at 0 7.5 270) (size 1.3 1.3) (drill 1) (layers *.Cu *.Mask)
      (net 28 /Pot_CVamt_F))
    (pad 1 thru_hole circle (at -2.5 7.5 270) (size 1.3 1.3) (drill 1) (layers *.Cu *.Mask)
      (net 10 /+3_3V))
  )

  (module Eurocad:Alpha9mmPot locked (layer F.Cu) (tedit 5CA22A96) (tstamp 5CAD1516)
    (at 29 41 270)
    (path /5BD98D43)
    (fp_text reference RV3 (at 0 -6 270) (layer F.SilkS)
      (effects (font (size 1 1) (thickness 0.15)))
    )
    (fp_text value 10k (at 0 -6 270) (layer F.Fab)
      (effects (font (size 1 1) (thickness 0.15)))
    )
    (fp_line (start -4.75 -4.85) (end 4.75 -4.85) (layer F.SilkS) (width 0.15))
    (fp_line (start -4.75 6.5) (end 4.75 6.5) (layer F.SilkS) (width 0.15))
    (fp_line (start 4.75 -4.85) (end 4.75 6.5) (layer F.SilkS) (width 0.15))
    (fp_line (start -4.75 -4.85) (end -4.75 6.5) (layer F.SilkS) (width 0.15))
    (fp_circle (center 0 0) (end 3.175 0) (layer F.SilkS) (width 0.15))
    (fp_line (start 0 -1.27) (end 0 1.27) (layer F.SilkS) (width 0.15))
    (fp_line (start -1.27 0) (end 1.27 0) (layer F.SilkS) (width 0.15))
    (pad "" thru_hole circle (at 4.8 0 270) (size 2 2) (drill 1.8) (layers *.Cu *.Mask))
    (pad "" thru_hole circle (at -4.8 0 270) (size 2 2) (drill 1.8) (layers *.Cu *.Mask))
    (pad 3 thru_hole circle (at 2.5 7.5 270) (size 1.3 1.3) (drill 1) (layers *.Cu *.Mask)
      (net 2 GND))
    (pad 2 thru_hole circle (at 0 7.5 270) (size 1.3 1.3) (drill 1) (layers *.Cu *.Mask)
      (net 29 /Pot_Divisions_F))
    (pad 1 thru_hole circle (at -2.5 7.5 270) (size 1.3 1.3) (drill 1) (layers *.Cu *.Mask)
      (net 10 /+3_3V))
  )

  (module Resistor_THT:R_Axial_DIN0207_L6.3mm_D2.5mm_P10.16mm_Horizontal (layer F.Cu) (tedit 5AE5139B) (tstamp 5CAD14C1)
    (at 39.34 69)
    (descr "Resistor, Axial_DIN0207 series, Axial, Horizontal, pin pitch=10.16mm, 0.25W = 1/4W, length*diameter=6.3*2.5mm^2, http://cdn-reichelt.de/documents/datenblatt/B400/1_4W%23YAG.pdf")
    (tags "Resistor Axial_DIN0207 series Axial Horizontal pin pitch 10.16mm 0.25W = 1/4W length 6.3mm diameter 2.5mm")
    (path /5BE1AEBB)
    (fp_text reference R27 (at 5.16 0) (layer F.SilkS)
      (effects (font (size 1 1) (thickness 0.15)))
    )
    (fp_text value 330 (at 5.08 2.37) (layer F.Fab)
      (effects (font (size 1 1) (thickness 0.15)))
    )
    (fp_line (start 1.93 -1.25) (end 1.93 1.25) (layer F.Fab) (width 0.1))
    (fp_line (start 1.93 1.25) (end 8.23 1.25) (layer F.Fab) (width 0.1))
    (fp_line (start 8.23 1.25) (end 8.23 -1.25) (layer F.Fab) (width 0.1))
    (fp_line (start 8.23 -1.25) (end 1.93 -1.25) (layer F.Fab) (width 0.1))
    (fp_line (start 0 0) (end 1.93 0) (layer F.Fab) (width 0.1))
    (fp_line (start 10.16 0) (end 8.23 0) (layer F.Fab) (width 0.1))
    (fp_line (start 1.81 -1.37) (end 1.81 1.37) (layer F.SilkS) (width 0.12))
    (fp_line (start 1.81 1.37) (end 8.35 1.37) (layer F.SilkS) (width 0.12))
    (fp_line (start 8.35 1.37) (end 8.35 -1.37) (layer F.SilkS) (width 0.12))
    (fp_line (start 8.35 -1.37) (end 1.81 -1.37) (layer F.SilkS) (width 0.12))
    (fp_line (start 1.04 0) (end 1.81 0) (layer F.SilkS) (width 0.12))
    (fp_line (start 9.12 0) (end 8.35 0) (layer F.SilkS) (width 0.12))
    (fp_line (start -1.05 -1.5) (end -1.05 1.5) (layer F.CrtYd) (width 0.05))
    (fp_line (start -1.05 1.5) (end 11.21 1.5) (layer F.CrtYd) (width 0.05))
    (fp_line (start 11.21 1.5) (end 11.21 -1.5) (layer F.CrtYd) (width 0.05))
    (fp_line (start 11.21 -1.5) (end -1.05 -1.5) (layer F.CrtYd) (width 0.05))
    (fp_text user %R (at 5.08 0) (layer F.Fab)
      (effects (font (size 1 1) (thickness 0.15)))
    )
    (pad 1 thru_hole circle (at 0 0) (size 1.6 1.6) (drill 0.8) (layers *.Cu *.Mask)
      (net 42 "Net-(D14-Pad2)"))
    (pad 2 thru_hole oval (at 10.16 0) (size 1.6 1.6) (drill 0.8) (layers *.Cu *.Mask)
      (net 15 /LED_Sh_F))
    (model ${KISYS3DMOD}/Resistor_THT.3dshapes/R_Axial_DIN0207_L6.3mm_D2.5mm_P10.16mm_Horizontal.wrl
      (at (xyz 0 0 0))
      (scale (xyz 1 1 1))
      (rotate (xyz 0 0 0))
    )
  )

  (module LED_THT:LED_D3.0mm locked (layer F.Cu) (tedit 587A3A7B) (tstamp 5CAD1003)
    (at 36 91 180)
    (descr "LED, diameter 3.0mm, 2 pins")
    (tags "LED diameter 3.0mm 2 pins")
    (path /5BDCC2C8)
    (fp_text reference D3 (at 1.27 -2.96 180) (layer F.SilkS)
      (effects (font (size 1 1) (thickness 0.15)))
    )
    (fp_text value LED (at 1.27 2.96 180) (layer F.Fab)
      (effects (font (size 1 1) (thickness 0.15)))
    )
    (fp_line (start 3.7 -2.25) (end -1.15 -2.25) (layer F.CrtYd) (width 0.05))
    (fp_line (start 3.7 2.25) (end 3.7 -2.25) (layer F.CrtYd) (width 0.05))
    (fp_line (start -1.15 2.25) (end 3.7 2.25) (layer F.CrtYd) (width 0.05))
    (fp_line (start -1.15 -2.25) (end -1.15 2.25) (layer F.CrtYd) (width 0.05))
    (fp_line (start -0.29 1.08) (end -0.29 1.236) (layer F.SilkS) (width 0.12))
    (fp_line (start -0.29 -1.236) (end -0.29 -1.08) (layer F.SilkS) (width 0.12))
    (fp_line (start -0.23 -1.16619) (end -0.23 1.16619) (layer F.Fab) (width 0.1))
    (fp_circle (center 1.27 0) (end 2.77 0) (layer F.Fab) (width 0.1))
    (fp_arc (start 1.27 0) (end 0.229039 1.08) (angle -87.9) (layer F.SilkS) (width 0.12))
    (fp_arc (start 1.27 0) (end 0.229039 -1.08) (angle 87.9) (layer F.SilkS) (width 0.12))
    (fp_arc (start 1.27 0) (end -0.29 1.235516) (angle -108.8) (layer F.SilkS) (width 0.12))
    (fp_arc (start 1.27 0) (end -0.29 -1.235516) (angle 108.8) (layer F.SilkS) (width 0.12))
    (fp_arc (start 1.27 0) (end -0.23 -1.16619) (angle 284.3) (layer F.Fab) (width 0.1))
    (pad 2 thru_hole circle (at 2.54 0 180) (size 1.8 1.8) (drill 0.9) (layers *.Cu *.Mask)
      (net 1 +12V))
    (pad 1 thru_hole rect (at 0 0 180) (size 1.8 1.8) (drill 0.9) (layers *.Cu *.Mask)
      (net 7 "Net-(D3-Pad1)"))
    (model ${KISYS3DMOD}/LED_THT.3dshapes/LED_D3.0mm.wrl
      (at (xyz 0 0 0))
      (scale (xyz 1 1 1))
      (rotate (xyz 0 0 0))
    )
  )

  (module LED_THT:LED_D3.0mm locked (layer F.Cu) (tedit 587A3A7B) (tstamp 5CAD1016)
    (at 24 91 180)
    (descr "LED, diameter 3.0mm, 2 pins")
    (tags "LED diameter 3.0mm 2 pins")
    (path /5BDDEA21)
    (fp_text reference D4 (at 1.27 -2.96 180) (layer F.SilkS)
      (effects (font (size 1 1) (thickness 0.15)))
    )
    (fp_text value LED (at 1.27 2.96 180) (layer F.Fab)
      (effects (font (size 1 1) (thickness 0.15)))
    )
    (fp_arc (start 1.27 0) (end -0.23 -1.16619) (angle 284.3) (layer F.Fab) (width 0.1))
    (fp_arc (start 1.27 0) (end -0.29 -1.235516) (angle 108.8) (layer F.SilkS) (width 0.12))
    (fp_arc (start 1.27 0) (end -0.29 1.235516) (angle -108.8) (layer F.SilkS) (width 0.12))
    (fp_arc (start 1.27 0) (end 0.229039 -1.08) (angle 87.9) (layer F.SilkS) (width 0.12))
    (fp_arc (start 1.27 0) (end 0.229039 1.08) (angle -87.9) (layer F.SilkS) (width 0.12))
    (fp_circle (center 1.27 0) (end 2.77 0) (layer F.Fab) (width 0.1))
    (fp_line (start -0.23 -1.16619) (end -0.23 1.16619) (layer F.Fab) (width 0.1))
    (fp_line (start -0.29 -1.236) (end -0.29 -1.08) (layer F.SilkS) (width 0.12))
    (fp_line (start -0.29 1.08) (end -0.29 1.236) (layer F.SilkS) (width 0.12))
    (fp_line (start -1.15 -2.25) (end -1.15 2.25) (layer F.CrtYd) (width 0.05))
    (fp_line (start -1.15 2.25) (end 3.7 2.25) (layer F.CrtYd) (width 0.05))
    (fp_line (start 3.7 2.25) (end 3.7 -2.25) (layer F.CrtYd) (width 0.05))
    (fp_line (start 3.7 -2.25) (end -1.15 -2.25) (layer F.CrtYd) (width 0.05))
    (pad 1 thru_hole rect (at 0 0 180) (size 1.8 1.8) (drill 0.9) (layers *.Cu *.Mask)
      (net 8 "Net-(D4-Pad1)"))
    (pad 2 thru_hole circle (at 2.54 0 180) (size 1.8 1.8) (drill 0.9) (layers *.Cu *.Mask)
      (net 1 +12V))
    (model ${KISYS3DMOD}/LED_THT.3dshapes/LED_D3.0mm.wrl
      (at (xyz 0 0 0))
      (scale (xyz 1 1 1))
      (rotate (xyz 0 0 0))
    )
  )

  (module LED_THT:LED_D3.0mm locked (layer F.Cu) (tedit 587A3A7B) (tstamp 5CAD1029)
    (at 48 91 180)
    (descr "LED, diameter 3.0mm, 2 pins")
    (tags "LED diameter 3.0mm 2 pins")
    (path /5BDF7640)
    (fp_text reference D5 (at 1.27 -2.96 180) (layer F.SilkS)
      (effects (font (size 1 1) (thickness 0.15)))
    )
    (fp_text value LED (at 1.27 2.96 180) (layer F.Fab)
      (effects (font (size 1 1) (thickness 0.15)))
    )
    (fp_line (start 3.7 -2.25) (end -1.15 -2.25) (layer F.CrtYd) (width 0.05))
    (fp_line (start 3.7 2.25) (end 3.7 -2.25) (layer F.CrtYd) (width 0.05))
    (fp_line (start -1.15 2.25) (end 3.7 2.25) (layer F.CrtYd) (width 0.05))
    (fp_line (start -1.15 -2.25) (end -1.15 2.25) (layer F.CrtYd) (width 0.05))
    (fp_line (start -0.29 1.08) (end -0.29 1.236) (layer F.SilkS) (width 0.12))
    (fp_line (start -0.29 -1.236) (end -0.29 -1.08) (layer F.SilkS) (width 0.12))
    (fp_line (start -0.23 -1.16619) (end -0.23 1.16619) (layer F.Fab) (width 0.1))
    (fp_circle (center 1.27 0) (end 2.77 0) (layer F.Fab) (width 0.1))
    (fp_arc (start 1.27 0) (end 0.229039 1.08) (angle -87.9) (layer F.SilkS) (width 0.12))
    (fp_arc (start 1.27 0) (end 0.229039 -1.08) (angle 87.9) (layer F.SilkS) (width 0.12))
    (fp_arc (start 1.27 0) (end -0.29 1.235516) (angle -108.8) (layer F.SilkS) (width 0.12))
    (fp_arc (start 1.27 0) (end -0.29 -1.235516) (angle 108.8) (layer F.SilkS) (width 0.12))
    (fp_arc (start 1.27 0) (end -0.23 -1.16619) (angle 284.3) (layer F.Fab) (width 0.1))
    (pad 2 thru_hole circle (at 2.54 0 180) (size 1.8 1.8) (drill 0.9) (layers *.Cu *.Mask)
      (net 1 +12V))
    (pad 1 thru_hole rect (at 0 0 180) (size 1.8 1.8) (drill 0.9) (layers *.Cu *.Mask)
      (net 9 "Net-(D5-Pad1)"))
    (model ${KISYS3DMOD}/LED_THT.3dshapes/LED_D3.0mm.wrl
      (at (xyz 0 0 0))
      (scale (xyz 1 1 1))
      (rotate (xyz 0 0 0))
    )
  )

  (module LED_THT:LED_D3.0mm locked (layer F.Cu) (tedit 587A3A7B) (tstamp 5CAD10B8)
    (at 17.5 30)
    (descr "LED, diameter 3.0mm, 2 pins")
    (tags "LED diameter 3.0mm 2 pins")
    (path /5CA124E6)
    (fp_text reference D10 (at 1.27 -2.96) (layer F.SilkS)
      (effects (font (size 1 1) (thickness 0.15)))
    )
    (fp_text value LED (at 1.27 2.96) (layer F.Fab)
      (effects (font (size 1 1) (thickness 0.15)))
    )
    (fp_arc (start 1.27 0) (end -0.23 -1.16619) (angle 284.3) (layer F.Fab) (width 0.1))
    (fp_arc (start 1.27 0) (end -0.29 -1.235516) (angle 108.8) (layer F.SilkS) (width 0.12))
    (fp_arc (start 1.27 0) (end -0.29 1.235516) (angle -108.8) (layer F.SilkS) (width 0.12))
    (fp_arc (start 1.27 0) (end 0.229039 -1.08) (angle 87.9) (layer F.SilkS) (width 0.12))
    (fp_arc (start 1.27 0) (end 0.229039 1.08) (angle -87.9) (layer F.SilkS) (width 0.12))
    (fp_circle (center 1.27 0) (end 2.77 0) (layer F.Fab) (width 0.1))
    (fp_line (start -0.23 -1.16619) (end -0.23 1.16619) (layer F.Fab) (width 0.1))
    (fp_line (start -0.29 -1.236) (end -0.29 -1.08) (layer F.SilkS) (width 0.12))
    (fp_line (start -0.29 1.08) (end -0.29 1.236) (layer F.SilkS) (width 0.12))
    (fp_line (start -1.15 -2.25) (end -1.15 2.25) (layer F.CrtYd) (width 0.05))
    (fp_line (start -1.15 2.25) (end 3.7 2.25) (layer F.CrtYd) (width 0.05))
    (fp_line (start 3.7 2.25) (end 3.7 -2.25) (layer F.CrtYd) (width 0.05))
    (fp_line (start 3.7 -2.25) (end -1.15 -2.25) (layer F.CrtYd) (width 0.05))
    (pad 1 thru_hole rect (at 0 0) (size 1.8 1.8) (drill 0.9) (layers *.Cu *.Mask)
      (net 2 GND))
    (pad 2 thru_hole circle (at 2.54 0) (size 1.8 1.8) (drill 0.9) (layers *.Cu *.Mask)
      (net 38 "Net-(D10-Pad2)"))
    (model ${KISYS3DMOD}/LED_THT.3dshapes/LED_D3.0mm.wrl
      (at (xyz 0 0 0))
      (scale (xyz 1 1 1))
      (rotate (xyz 0 0 0))
    )
  )

  (module LED_THT:LED_D3.0mm locked (layer F.Cu) (tedit 587A3A7B) (tstamp 5CAD10CB)
    (at 17.5 49)
    (descr "LED, diameter 3.0mm, 2 pins")
    (tags "LED diameter 3.0mm 2 pins")
    (path /5CA1A63E)
    (fp_text reference D11 (at 1.27 -2.96) (layer F.SilkS)
      (effects (font (size 1 1) (thickness 0.15)))
    )
    (fp_text value LED (at 1.27 2.96) (layer F.Fab)
      (effects (font (size 1 1) (thickness 0.15)))
    )
    (fp_line (start 3.7 -2.25) (end -1.15 -2.25) (layer F.CrtYd) (width 0.05))
    (fp_line (start 3.7 2.25) (end 3.7 -2.25) (layer F.CrtYd) (width 0.05))
    (fp_line (start -1.15 2.25) (end 3.7 2.25) (layer F.CrtYd) (width 0.05))
    (fp_line (start -1.15 -2.25) (end -1.15 2.25) (layer F.CrtYd) (width 0.05))
    (fp_line (start -0.29 1.08) (end -0.29 1.236) (layer F.SilkS) (width 0.12))
    (fp_line (start -0.29 -1.236) (end -0.29 -1.08) (layer F.SilkS) (width 0.12))
    (fp_line (start -0.23 -1.16619) (end -0.23 1.16619) (layer F.Fab) (width 0.1))
    (fp_circle (center 1.27 0) (end 2.77 0) (layer F.Fab) (width 0.1))
    (fp_arc (start 1.27 0) (end 0.229039 1.08) (angle -87.9) (layer F.SilkS) (width 0.12))
    (fp_arc (start 1.27 0) (end 0.229039 -1.08) (angle 87.9) (layer F.SilkS) (width 0.12))
    (fp_arc (start 1.27 0) (end -0.29 1.235516) (angle -108.8) (layer F.SilkS) (width 0.12))
    (fp_arc (start 1.27 0) (end -0.29 -1.235516) (angle 108.8) (layer F.SilkS) (width 0.12))
    (fp_arc (start 1.27 0) (end -0.23 -1.16619) (angle 284.3) (layer F.Fab) (width 0.1))
    (pad 2 thru_hole circle (at 2.54 0) (size 1.8 1.8) (drill 0.9) (layers *.Cu *.Mask)
      (net 39 "Net-(D11-Pad2)"))
    (pad 1 thru_hole rect (at 0 0) (size 1.8 1.8) (drill 0.9) (layers *.Cu *.Mask)
      (net 2 GND))
    (model ${KISYS3DMOD}/LED_THT.3dshapes/LED_D3.0mm.wrl
      (at (xyz 0 0 0))
      (scale (xyz 1 1 1))
      (rotate (xyz 0 0 0))
    )
  )

  (module LED_THT:LED_D3.0mm locked (layer F.Cu) (tedit 587A3A7B) (tstamp 5CAD10DE)
    (at 17.5 68)
    (descr "LED, diameter 3.0mm, 2 pins")
    (tags "LED diameter 3.0mm 2 pins")
    (path /5CA22ABC)
    (fp_text reference D12 (at 1.27 -2.96) (layer F.SilkS)
      (effects (font (size 1 1) (thickness 0.15)))
    )
    (fp_text value LED (at 1.27 2.96) (layer F.Fab)
      (effects (font (size 1 1) (thickness 0.15)))
    )
    (fp_arc (start 1.27 0) (end -0.23 -1.16619) (angle 284.3) (layer F.Fab) (width 0.1))
    (fp_arc (start 1.27 0) (end -0.29 -1.235516) (angle 108.8) (layer F.SilkS) (width 0.12))
    (fp_arc (start 1.27 0) (end -0.29 1.235516) (angle -108.8) (layer F.SilkS) (width 0.12))
    (fp_arc (start 1.27 0) (end 0.229039 -1.08) (angle 87.9) (layer F.SilkS) (width 0.12))
    (fp_arc (start 1.27 0) (end 0.229039 1.08) (angle -87.9) (layer F.SilkS) (width 0.12))
    (fp_circle (center 1.27 0) (end 2.77 0) (layer F.Fab) (width 0.1))
    (fp_line (start -0.23 -1.16619) (end -0.23 1.16619) (layer F.Fab) (width 0.1))
    (fp_line (start -0.29 -1.236) (end -0.29 -1.08) (layer F.SilkS) (width 0.12))
    (fp_line (start -0.29 1.08) (end -0.29 1.236) (layer F.SilkS) (width 0.12))
    (fp_line (start -1.15 -2.25) (end -1.15 2.25) (layer F.CrtYd) (width 0.05))
    (fp_line (start -1.15 2.25) (end 3.7 2.25) (layer F.CrtYd) (width 0.05))
    (fp_line (start 3.7 2.25) (end 3.7 -2.25) (layer F.CrtYd) (width 0.05))
    (fp_line (start 3.7 -2.25) (end -1.15 -2.25) (layer F.CrtYd) (width 0.05))
    (pad 1 thru_hole rect (at 0 0) (size 1.8 1.8) (drill 0.9) (layers *.Cu *.Mask)
      (net 2 GND))
    (pad 2 thru_hole circle (at 2.54 0) (size 1.8 1.8) (drill 0.9) (layers *.Cu *.Mask)
      (net 40 "Net-(D12-Pad2)"))
    (model ${KISYS3DMOD}/LED_THT.3dshapes/LED_D3.0mm.wrl
      (at (xyz 0 0 0))
      (scale (xyz 1 1 1))
      (rotate (xyz 0 0 0))
    )
  )

  (module LED_THT:LED_D3.0mm locked (layer F.Cu) (tedit 587A3A7B) (tstamp 5CAD10F1)
    (at 17.5 72.5)
    (descr "LED, diameter 3.0mm, 2 pins")
    (tags "LED diameter 3.0mm 2 pins")
    (path /5CA696F8)
    (fp_text reference D13 (at 1.27 3.5) (layer F.SilkS)
      (effects (font (size 1 1) (thickness 0.15)))
    )
    (fp_text value LED (at 1.27 2.96) (layer F.Fab)
      (effects (font (size 1 1) (thickness 0.15)))
    )
    (fp_arc (start 1.27 0) (end -0.23 -1.16619) (angle 284.3) (layer F.Fab) (width 0.1))
    (fp_arc (start 1.27 0) (end -0.29 -1.235516) (angle 108.8) (layer F.SilkS) (width 0.12))
    (fp_arc (start 1.27 0) (end -0.29 1.235516) (angle -108.8) (layer F.SilkS) (width 0.12))
    (fp_arc (start 1.27 0) (end 0.229039 -1.08) (angle 87.9) (layer F.SilkS) (width 0.12))
    (fp_arc (start 1.27 0) (end 0.229039 1.08) (angle -87.9) (layer F.SilkS) (width 0.12))
    (fp_circle (center 1.27 0) (end 2.77 0) (layer F.Fab) (width 0.1))
    (fp_line (start -0.23 -1.16619) (end -0.23 1.16619) (layer F.Fab) (width 0.1))
    (fp_line (start -0.29 -1.236) (end -0.29 -1.08) (layer F.SilkS) (width 0.12))
    (fp_line (start -0.29 1.08) (end -0.29 1.236) (layer F.SilkS) (width 0.12))
    (fp_line (start -1.15 -2.25) (end -1.15 2.25) (layer F.CrtYd) (width 0.05))
    (fp_line (start -1.15 2.25) (end 3.7 2.25) (layer F.CrtYd) (width 0.05))
    (fp_line (start 3.7 2.25) (end 3.7 -2.25) (layer F.CrtYd) (width 0.05))
    (fp_line (start 3.7 -2.25) (end -1.15 -2.25) (layer F.CrtYd) (width 0.05))
    (pad 1 thru_hole rect (at 0 0) (size 1.8 1.8) (drill 0.9) (layers *.Cu *.Mask)
      (net 2 GND))
    (pad 2 thru_hole circle (at 2.54 0) (size 1.8 1.8) (drill 0.9) (layers *.Cu *.Mask)
      (net 41 "Net-(D13-Pad2)"))
    (model ${KISYS3DMOD}/LED_THT.3dshapes/LED_D3.0mm.wrl
      (at (xyz 0 0 0))
      (scale (xyz 1 1 1))
      (rotate (xyz 0 0 0))
    )
  )

  (module LED_THT:LED_D3.0mm locked (layer F.Cu) (tedit 587A3A7B) (tstamp 5CAD1104)
    (at 30 69.5)
    (descr "LED, diameter 3.0mm, 2 pins")
    (tags "LED diameter 3.0mm 2 pins")
    (path /5BE1B149)
    (fp_text reference D14 (at 1.27 3) (layer F.SilkS)
      (effects (font (size 1 1) (thickness 0.15)))
    )
    (fp_text value LED (at 1.27 2.96) (layer F.Fab)
      (effects (font (size 1 1) (thickness 0.15)))
    )
    (fp_line (start 3.7 -2.25) (end -1.15 -2.25) (layer F.CrtYd) (width 0.05))
    (fp_line (start 3.7 2.25) (end 3.7 -2.25) (layer F.CrtYd) (width 0.05))
    (fp_line (start -1.15 2.25) (end 3.7 2.25) (layer F.CrtYd) (width 0.05))
    (fp_line (start -1.15 -2.25) (end -1.15 2.25) (layer F.CrtYd) (width 0.05))
    (fp_line (start -0.29 1.08) (end -0.29 1.236) (layer F.SilkS) (width 0.12))
    (fp_line (start -0.29 -1.236) (end -0.29 -1.08) (layer F.SilkS) (width 0.12))
    (fp_line (start -0.23 -1.16619) (end -0.23 1.16619) (layer F.Fab) (width 0.1))
    (fp_circle (center 1.27 0) (end 2.77 0) (layer F.Fab) (width 0.1))
    (fp_arc (start 1.27 0) (end 0.229039 1.08) (angle -87.9) (layer F.SilkS) (width 0.12))
    (fp_arc (start 1.27 0) (end 0.229039 -1.08) (angle 87.9) (layer F.SilkS) (width 0.12))
    (fp_arc (start 1.27 0) (end -0.29 1.235516) (angle -108.8) (layer F.SilkS) (width 0.12))
    (fp_arc (start 1.27 0) (end -0.29 -1.235516) (angle 108.8) (layer F.SilkS) (width 0.12))
    (fp_arc (start 1.27 0) (end -0.23 -1.16619) (angle 284.3) (layer F.Fab) (width 0.1))
    (pad 2 thru_hole circle (at 2.54 0) (size 1.8 1.8) (drill 0.9) (layers *.Cu *.Mask)
      (net 42 "Net-(D14-Pad2)"))
    (pad 1 thru_hole rect (at 0 0) (size 1.8 1.8) (drill 0.9) (layers *.Cu *.Mask)
      (net 2 GND))
    (model ${KISYS3DMOD}/LED_THT.3dshapes/LED_D3.0mm.wrl
      (at (xyz 0 0 0))
      (scale (xyz 1 1 1))
      (rotate (xyz 0 0 0))
    )
  )

  (module Connector_PinHeader_2.54mm:PinHeader_1x06_P2.54mm_Vertical locked (layer B.Cu) (tedit 5CA2394D) (tstamp 5CAD1160)
    (at 36.5 17 270)
    (descr "Through hole straight pin header, 1x06, 2.54mm pitch, single row")
    (tags "Through hole pin header THT 1x06 2.54mm single row")
    (path /5CC396D9)
    (fp_text reference J1 (at 0 2.33 270) (layer B.SilkS)
      (effects (font (size 1 1) (thickness 0.15)) (justify mirror))
    )
    (fp_text value Conn_01x06_Female (at 0 -15.03 270) (layer B.Fab) hide
      (effects (font (size 1 1) (thickness 0.15)) (justify mirror))
    )
    (fp_line (start -0.635 1.27) (end 1.27 1.27) (layer B.Fab) (width 0.1))
    (fp_line (start 1.27 1.27) (end 1.27 -13.97) (layer B.Fab) (width 0.1))
    (fp_line (start 1.27 -13.97) (end -1.27 -13.97) (layer B.Fab) (width 0.1))
    (fp_line (start -1.27 -13.97) (end -1.27 0.635) (layer B.Fab) (width 0.1))
    (fp_line (start -1.27 0.635) (end -0.635 1.27) (layer B.Fab) (width 0.1))
    (fp_line (start -1.33 -14.03) (end 1.33 -14.03) (layer B.SilkS) (width 0.12))
    (fp_line (start -1.33 -1.27) (end -1.33 -14.03) (layer B.SilkS) (width 0.12))
    (fp_line (start 1.33 -1.27) (end 1.33 -14.03) (layer B.SilkS) (width 0.12))
    (fp_line (start -1.33 -1.27) (end 1.33 -1.27) (layer B.SilkS) (width 0.12))
    (fp_line (start -1.33 0) (end -1.33 1.33) (layer B.SilkS) (width 0.12))
    (fp_line (start -1.33 1.33) (end 0 1.33) (layer B.SilkS) (width 0.12))
    (fp_line (start -1.8 1.8) (end -1.8 -14.5) (layer B.CrtYd) (width 0.05))
    (fp_line (start -1.8 -14.5) (end 1.8 -14.5) (layer B.CrtYd) (width 0.05))
    (fp_line (start 1.8 -14.5) (end 1.8 1.8) (layer B.CrtYd) (width 0.05))
    (fp_line (start 1.8 1.8) (end -1.8 1.8) (layer B.CrtYd) (width 0.05))
    (fp_text user %R (at 0 -6.35 180) (layer B.Fab)
      (effects (font (size 1 1) (thickness 0.15)) (justify mirror))
    )
    (pad 1 thru_hole rect (at 0 0 270) (size 1.7 1.7) (drill 1) (layers *.Cu *.Mask)
      (net 11 /LED_L_F))
    (pad 2 thru_hole oval (at 0 -2.54 270) (size 1.7 1.7) (drill 1) (layers *.Cu *.Mask)
      (net 12 /LED_D_F))
    (pad 3 thru_hole oval (at 0 -5.08 270) (size 1.7 1.7) (drill 1) (layers *.Cu *.Mask)
      (net 13 /Led_Shi_F))
    (pad 4 thru_hole oval (at 0 -7.62 270) (size 1.7 1.7) (drill 1) (layers *.Cu *.Mask)
      (net 14 /Led_ShCV_F))
    (pad 5 thru_hole oval (at 0 -10.16 270) (size 1.7 1.7) (drill 1) (layers *.Cu *.Mask)
      (net 15 /LED_Sh_F))
    (pad 6 thru_hole oval (at 0 -12.7 270) (size 1.7 1.7) (drill 1) (layers *.Cu *.Mask)
      (net 2 GND))
    (model ${KISYS3DMOD}/Connector_PinHeader_2.54mm.3dshapes/PinHeader_1x06_P2.54mm_Vertical.wrl
      (at (xyz 0 0 0))
      (scale (xyz 1 1 1))
      (rotate (xyz 0 0 0))
    )
  )

  (module Connector_PinHeader_2.54mm:PinHeader_1x15_P2.54mm_Vertical locked (layer B.Cu) (tedit 5CA23949) (tstamp 5CAD11C0)
    (at 52.5 24 180)
    (descr "Through hole straight pin header, 1x15, 2.54mm pitch, single row")
    (tags "Through hole pin header THT 1x15 2.54mm single row")
    (path /5CDF298C)
    (fp_text reference J4 (at 0 2.33 180) (layer B.SilkS)
      (effects (font (size 1 1) (thickness 0.15)) (justify mirror))
    )
    (fp_text value Conn_01x15_Female (at 0 -37.89 180) (layer B.Fab) hide
      (effects (font (size 1 1) (thickness 0.15)) (justify mirror))
    )
    (fp_text user %R (at 0 -17.78 90) (layer B.Fab)
      (effects (font (size 1 1) (thickness 0.15)) (justify mirror))
    )
    (fp_line (start 1.8 1.8) (end -1.8 1.8) (layer B.CrtYd) (width 0.05))
    (fp_line (start 1.8 -37.35) (end 1.8 1.8) (layer B.CrtYd) (width 0.05))
    (fp_line (start -1.8 -37.35) (end 1.8 -37.35) (layer B.CrtYd) (width 0.05))
    (fp_line (start -1.8 1.8) (end -1.8 -37.35) (layer B.CrtYd) (width 0.05))
    (fp_line (start -1.33 1.33) (end 0 1.33) (layer B.SilkS) (width 0.12))
    (fp_line (start -1.33 0) (end -1.33 1.33) (layer B.SilkS) (width 0.12))
    (fp_line (start -1.33 -1.27) (end 1.33 -1.27) (layer B.SilkS) (width 0.12))
    (fp_line (start 1.33 -1.27) (end 1.33 -36.89) (layer B.SilkS) (width 0.12))
    (fp_line (start -1.33 -1.27) (end -1.33 -36.89) (layer B.SilkS) (width 0.12))
    (fp_line (start -1.33 -36.89) (end 1.33 -36.89) (layer B.SilkS) (width 0.12))
    (fp_line (start -1.27 0.635) (end -0.635 1.27) (layer B.Fab) (width 0.1))
    (fp_line (start -1.27 -36.83) (end -1.27 0.635) (layer B.Fab) (width 0.1))
    (fp_line (start 1.27 -36.83) (end -1.27 -36.83) (layer B.Fab) (width 0.1))
    (fp_line (start 1.27 1.27) (end 1.27 -36.83) (layer B.Fab) (width 0.1))
    (fp_line (start -0.635 1.27) (end 1.27 1.27) (layer B.Fab) (width 0.1))
    (pad 15 thru_hole oval (at 0 -35.56 180) (size 1.7 1.7) (drill 1) (layers *.Cu *.Mask)
      (net 2 GND))
    (pad 14 thru_hole oval (at 0 -33.02 180) (size 1.7 1.7) (drill 1) (layers *.Cu *.Mask)
      (net 20 /SW_OutMode2_F))
    (pad 13 thru_hole oval (at 0 -30.48 180) (size 1.7 1.7) (drill 1) (layers *.Cu *.Mask)
      (net 21 /SW_OutMode1_F))
    (pad 12 thru_hole oval (at 0 -27.94 180) (size 1.7 1.7) (drill 1) (layers *.Cu *.Mask)
      (net 22 /SW_CVassgn_F))
    (pad 11 thru_hole oval (at 0 -25.4 180) (size 1.7 1.7) (drill 1) (layers *.Cu *.Mask)
      (net 23 /SW_DivEuc2_F))
    (pad 10 thru_hole oval (at 0 -22.86 180) (size 1.7 1.7) (drill 1) (layers *.Cu *.Mask)
      (net 24 /SW_DivEuc1_F))
    (pad 9 thru_hole oval (at 0 -20.32 180) (size 1.7 1.7) (drill 1) (layers *.Cu *.Mask)
      (net 25 /EncoderSw_F))
    (pad 8 thru_hole oval (at 0 -17.78 180) (size 1.7 1.7) (drill 1) (layers *.Cu *.Mask)
      (net 26 /EncoderB_F))
    (pad 7 thru_hole oval (at 0 -15.24 180) (size 1.7 1.7) (drill 1) (layers *.Cu *.Mask)
      (net 27 /EncoderA_F))
    (pad 6 thru_hole oval (at 0 -12.7 180) (size 1.7 1.7) (drill 1) (layers *.Cu *.Mask)
      (net 28 /Pot_CVamt_F))
    (pad 5 thru_hole oval (at 0 -10.16 180) (size 1.7 1.7) (drill 1) (layers *.Cu *.Mask)
      (net 29 /Pot_Divisions_F))
    (pad 4 thru_hole oval (at 0 -7.62 180) (size 1.7 1.7) (drill 1) (layers *.Cu *.Mask)
      (net 30 /Pot_Length_F))
    (pad 3 thru_hole oval (at 0 -5.08 180) (size 1.7 1.7) (drill 1) (layers *.Cu *.Mask)
