(kicad_pcb (version 20171130) (host pcbnew "(5.0.1)-3")

  (general
    (thickness 1.6)
    (drawings 5)
    (tracks 268)
    (zones 0)
    (modules 36)
    (nets 40)
  )

  (page A4)
  (layers
    (0 F.Cu signal)
    (31 B.Cu signal)
    (32 B.Adhes user hide)
    (33 F.Adhes user hide)
    (34 B.Paste user hide)
    (35 F.Paste user hide)
    (36 B.SilkS user)
    (37 F.SilkS user)
    (38 B.Mask user)
    (39 F.Mask user)
    (40 Dwgs.User user)
    (41 Cmts.User user)
    (42 Eco1.User user)
    (43 Eco2.User user)
    (44 Edge.Cuts user)
    (45 Margin user)
    (46 B.CrtYd user)
    (47 F.CrtYd user)
    (48 B.Fab user)
    (49 F.Fab user hide)
  )

  (setup
    (last_trace_width 0.5)
    (trace_clearance 0.2)
    (zone_clearance 0.508)
    (zone_45_only no)
    (trace_min 0.2)
    (segment_width 0.4)
    (edge_width 0.15)
    (via_size 0.8)
    (via_drill 0.4)
    (via_min_size 0.4)
    (via_min_drill 0.3)
    (uvia_size 0.3)
    (uvia_drill 0.1)
    (uvias_allowed no)
    (uvia_min_size 0.2)
    (uvia_min_drill 0.1)
    (pcb_text_width 0.3)
    (pcb_text_size 1.5 1.5)
    (mod_edge_width 0.15)
    (mod_text_size 1 1)
    (mod_text_width 0.15)
    (pad_size 1.524 1.524)
    (pad_drill 0.762)
    (pad_to_mask_clearance 0.051)
    (solder_mask_min_width 0.25)
    (aux_axis_origin 0 0)
    (visible_elements 7FFFFFFF)
    (pcbplotparams
      (layerselection 0x010f0_ffffffff)
      (usegerberextensions false)
      (usegerberattributes true)
      (usegerberadvancedattributes false)
      (creategerberjobfile false)
      (excludeedgelayer false)
      (linewidth 0.100000)
      (plotframeref false)
      (viasonmask false)
      (mode 1)
      (useauxorigin true)
      (hpglpennumber 1)
      (hpglpenspeed 20)
      (hpglpendiameter 15.000000)
      (psnegative false)
      (psa4output false)
      (plotreference true)
      (plotvalue true)
      (plotinvisibletext false)
      (padsonsilk false)
      (subtractmaskfromsilk false)
      (outputformat 1)
      (mirror false)
      (drillshape 0)
      (scaleselection 1)
      (outputdirectory ""))
  )

  (net 0 "")
  (net 1 +12V)
  (net 2 GND)
  (net 3 /CVin_F)
  (net 4 "Net-(CycleOutJack1-Pad2)")
  (net 5 /OutC_F)
  (net 6 "Net-(D3-Pad1)")
  (net 7 "Net-(D4-Pad1)")
  (net 8 "Net-(D5-Pad1)")
  (net 9 /+3_3V)
  (net 10 /LED_L_F)
  (net 11 /LED_D_F)
  (net 12 /Led_Shi_F)
  (net 13 /Led_ShCV_F)
  (net 14 /LED_Sh_F)
  (net 15 "Net-(DigiOutJack1-Pad2)")
  (net 16 /OutM_F)
  (net 17 /OutT_F)
  (net 18 "Net-(DigiThruJack1-Pad2)")
  (net 19 /SW_OutMode2_F)
  (net 20 /SW_OutMode1_F)
  (net 21 /SW_CVassgn_F)
  (net 22 /SW_DivEuc2_F)
  (net 23 /SW_DivEuc1_F)
  (net 24 /EncoderSw_F)
  (net 25 /EncoderB_F)
  (net 26 /EncoderA_F)
  (net 27 /Pot_CVamt_F)
  (net 28 /Pot_Divisions_F)
  (net 29 /Pot_Length_F)
  (net 30 /CLin_F)
  (net 31 /Rin_F)
  (net 32 "Net-(Q1-Pad1)")
  (net 33 "Net-(Q2-Pad1)")
  (net 34 "Net-(Q3-Pad1)")
  (net 35 "Net-(D10-Pad2)")
  (net 36 "Net-(D11-Pad2)")
  (net 37 "Net-(D12-Pad2)")
  (net 38 "Net-(D13-Pad2)")
  (net 39 "Net-(D14-Pad2)")

  (net_class Default "This is the default net class."
    (clearance 0.2)
    (trace_width 0.5)
    (via_dia 0.8)
    (via_drill 0.4)
    (uvia_dia 0.3)
    (uvia_drill 0.1)
    (add_net /CLin_F)
    (add_net /CVin_F)
    (add_net /EncoderA_F)
    (add_net /EncoderB_F)
    (add_net /EncoderSw_F)
    (add_net /LED_D_F)
    (add_net /LED_L_F)
    (add_net /LED_Sh_F)
    (add_net /Led_ShCV_F)
    (add_net /Led_Shi_F)
    (add_net /OutC_F)
    (add_net /OutM_F)
    (add_net /OutT_F)
    (add_net /Pot_CVamt_F)
    (add_net /Pot_Divisions_F)
    (add_net /Pot_Length_F)
    (add_net /Rin_F)
    (add_net /SW_CVassgn_F)
    (add_net /SW_DivEuc1_F)
    (add_net /SW_DivEuc2_F)
    (add_net /SW_OutMode1_F)
    (add_net /SW_OutMode2_F)
    (add_net GND)
    (add_net "Net-(CycleOutJack1-Pad2)")
    (add_net "Net-(D10-Pad2)")
    (add_net "Net-(D11-Pad2)")
    (add_net "Net-(D12-Pad2)")
    (add_net "Net-(D13-Pad2)")
    (add_net "Net-(D14-Pad2)")
    (add_net "Net-(D3-Pad1)")
    (add_net "Net-(D4-Pad1)")
    (add_net "Net-(D5-Pad1)")
    (add_net "Net-(DigiOutJack1-Pad2)")
    (add_net "Net-(DigiThruJack1-Pad2)")
    (add_net "Net-(Q1-Pad1)")
    (add_net "Net-(Q2-Pad1)")
    (add_net "Net-(Q3-Pad1)")
  )

  (net_class Power ""
    (clearance 0.2)
    (trace_width 1.27)
    (via_dia 1.2)
    (via_drill 0.4)
    (uvia_dia 0.3)
    (uvia_drill 0.1)
    (add_net +12V)
    (add_net /+3_3V)
  )

  (module Eurocad:PJ301M-12-MoreMetal locked (layer F.Cu) (tedit 5CC366B9) (tstamp 5CAD0FA4)
    (at 47 113.5 90)
    (path /5BD6E46D)
    (fp_text reference CV_in1 (at 4.064 5.588 90) (layer F.SilkS) hide
      (effects (font (size 1 1) (thickness 0.15)))
    )
    (fp_text value PJ301M-12 (at 0 -7.112 90) (layer F.Fab)
      (effects (font (size 1 1) (thickness 0.15)))
    )
    (fp_line (start -1.8 0) (end 1.8 0) (layer F.SilkS) (width 0.15))
    (fp_line (start 0 -1.8) (end 0 1.8) (layer F.SilkS) (width 0.15))
    (fp_circle (center 0 0) (end 1.8 0) (layer F.SilkS) (width 0.15))
    (fp_line (start 4.5 -6.2) (end 4.5 4.7) (layer F.SilkS) (width 0.15))
    (fp_line (start -4.5 -6.2) (end -4.5 4.7) (layer F.SilkS) (width 0.15))
    (fp_line (start -4.5 4.7) (end 4.5 4.7) (layer F.SilkS) (width 0.15))
    (fp_line (start -4.5 -6.2) (end 4.5 -6.2) (layer F.SilkS) (width 0.15))
    (pad 2 thru_hole circle (at 0 3.38 90) (size 2.5 2.5) (drill 1.6) (layers *.Cu *.Mask)
      (net 2 GND))
    (pad 1 thru_hole circle (at 0 6.48 90) (size 2.5 2.5) (drill 1.6) (layers *.Cu *.Mask)
      (net 2 GND))
    (pad 3 thru_hole circle (at 0 -4.92 90) (size 2.5 2.5) (drill 1.6) (layers *.Cu *.Mask)
      (net 3 /CVin_F))
  )

  (module Eurocad:PJ301M-12-MoreMetal locked (layer F.Cu) (tedit 5CC366B9) (tstamp 5CAD14E6)
    (at 35 113.5 180)
    (path /5C9B1449)
    (fp_text reference Reset_In1 (at 4.064 5.588 180) (layer F.SilkS) hide
      (effects (font (size 1 1) (thickness 0.15)))
    )
    (fp_text value PJ301M-12 (at 0 -7.112 180) (layer F.Fab)
      (effects (font (size 1 1) (thickness 0.15)))
    )
    (fp_line (start -1.8 0) (end 1.8 0) (layer F.SilkS) (width 0.15))
    (fp_line (start 0 -1.8) (end 0 1.8) (layer F.SilkS) (width 0.15))
    (fp_circle (center 0 0) (end 1.8 0) (layer F.SilkS) (width 0.15))
    (fp_line (start 4.5 -6.2) (end 4.5 4.7) (layer F.SilkS) (width 0.15))
    (fp_line (start -4.5 -6.2) (end -4.5 4.7) (layer F.SilkS) (width 0.15))
    (fp_line (start -4.5 4.7) (end 4.5 4.7) (layer F.SilkS) (width 0.15))
    (fp_line (start -4.5 -6.2) (end 4.5 -6.2) (layer F.SilkS) (width 0.15))
    (pad 2 thru_hole circle (at 0 3.38 180) (size 2.5 2.5) (drill 1.6) (layers *.Cu *.Mask)
      (net 2 GND))
    (pad 1 thru_hole circle (at 0 6.48 180) (size 2.5 2.5) (drill 1.6) (layers *.Cu *.Mask)
      (net 2 GND))
    (pad 3 thru_hole circle (at 0 -4.92 180) (size 2.5 2.5) (drill 1.6) (layers *.Cu *.Mask)
      (net 31 /Rin_F))
  )

  (module Eurocad:PJ301M-12-MoreMetal locked (layer F.Cu) (tedit 5CC366B9) (tstamp 5CAD1567)
    (at 23 113.5 270)
    (path /5BD68CC8)
    (fp_text reference Trigger/Clock_in1 (at 4.064 5.588 270) (layer F.SilkS) hide
      (effects (font (size 1 1) (thickness 0.15)))
    )
    (fp_text value PJ301M-12 (at 0 -7.112 270) (layer F.Fab)
      (effects (font (size 1 1) (thickness 0.15)))
    )
    (fp_line (start -1.8 0) (end 1.8 0) (layer F.SilkS) (width 0.15))
    (fp_line (start 0 -1.8) (end 0 1.8) (layer F.SilkS) (width 0.15))
    (fp_circle (center 0 0) (end 1.8 0) (layer F.SilkS) (width 0.15))
    (fp_line (start 4.5 -6.2) (end 4.5 4.7) (layer F.SilkS) (width 0.15))
    (fp_line (start -4.5 -6.2) (end -4.5 4.7) (layer F.SilkS) (width 0.15))
    (fp_line (start -4.5 4.7) (end 4.5 4.7) (layer F.SilkS) (width 0.15))
    (fp_line (start -4.5 -6.2) (end 4.5 -6.2) (layer F.SilkS) (width 0.15))
    (pad 2 thru_hole circle (at 0 3.38 270) (size 2.5 2.5) (drill 1.6) (layers *.Cu *.Mask)
      (net 2 GND))
    (pad 1 thru_hole circle (at 0 6.48 270) (size 2.5 2.5) (drill 1.6) (layers *.Cu *.Mask)
      (net 2 GND))
    (pad 3 thru_hole circle (at 0 -4.92 270) (size 2.5 2.5) (drill 1.6) (layers *.Cu *.Mask)
      (net 30 /CLin_F))
  )

  (module Eurocad:PJ301M-12-MoreMetal locked (layer F.Cu) (tedit 5CC366B9) (tstamp 5CAD1120)
    (at 47 101)
    (path /5BDF7617)
    (fp_text reference DigiThruJack1 (at 4.064 5.588) (layer F.SilkS) hide
      (effects (font (size 1 1) (thickness 0.15)))
    )
    (fp_text value PJ301M-12 (at 0 -7.112) (layer F.Fab)
      (effects (font (size 1 1) (thickness 0.15)))
    )
    (fp_line (start -1.8 0) (end 1.8 0) (layer F.SilkS) (width 0.15))
    (fp_line (start 0 -1.8) (end 0 1.8) (layer F.SilkS) (width 0.15))
    (fp_circle (center 0 0) (end 1.8 0) (layer F.SilkS) (width 0.15))
    (fp_line (start 4.5 -6.2) (end 4.5 4.7) (layer F.SilkS) (width 0.15))
    (fp_line (start -4.5 -6.2) (end -4.5 4.7) (layer F.SilkS) (width 0.15))
    (fp_line (start -4.5 4.7) (end 4.5 4.7) (layer F.SilkS) (width 0.15))
    (fp_line (start -4.5 -6.2) (end 4.5 -6.2) (layer F.SilkS) (width 0.15))
    (pad 2 thru_hole circle (at 0 3.38) (size 2.5 2.5) (drill 1.6) (layers *.Cu *.Mask)
      (net 18 "Net-(DigiThruJack1-Pad2)"))
    (pad 1 thru_hole circle (at 0 6.48) (size 2.5 2.5) (drill 1.6) (layers *.Cu *.Mask)
      (net 2 GND))
    (pad 3 thru_hole circle (at 0 -4.92) (size 2.5 2.5) (drill 1.6) (layers *.Cu *.Mask)
      (net 17 /OutT_F))
  )

  (module Eurocad:PJ301M-12-MoreMetal (layer F.Cu) (tedit 5CC366B9) (tstamp 5CAD0FB2)
    (at 35 100.5 270)
    (path /5BDBAD9C)
    (fp_text reference CycleOutJack1 (at 4.064 5.588 270) (layer F.SilkS) hide
      (effects (font (size 1 1) (thickness 0.15)))
    )
    (fp_text value PJ301M-12 (at 0 -7.112 270) (layer F.Fab)
      (effects (font (size 1 1) (thickness 0.15)))
    )
    (fp_line (start -1.8 0) (end 1.8 0) (layer F.SilkS) (width 0.15))
    (fp_line (start 0 -1.8) (end 0 1.8) (layer F.SilkS) (width 0.15))
    (fp_circle (center 0 0) (end 1.8 0) (layer F.SilkS) (width 0.15))
    (fp_line (start 4.5 -6.2) (end 4.5 4.7) (layer F.SilkS) (width 0.15))
    (fp_line (start -4.5 -6.2) (end -4.5 4.7) (layer F.SilkS) (width 0.15))
    (fp_line (start -4.5 4.7) (end 4.5 4.7) (layer F.SilkS) (width 0.15))
    (fp_line (start -4.5 -6.2) (end 4.5 -6.2) (layer F.SilkS) (width 0.15))
    (pad 2 thru_hole circle (at 0 3.38 270) (size 2.5 2.5) (drill 1.6) (layers *.Cu *.Mask)
      (net 4 "Net-(CycleOutJack1-Pad2)"))
    (pad 1 thru_hole circle (at 0 6.48 270) (size 2.5 2.5) (drill 1.6) (layers *.Cu *.Mask)
      (net 2 GND))
    (pad 3 thru_hole circle (at 0 -4.92 270) (size 2.5 2.5) (drill 1.6) (layers *.Cu *.Mask)
      (net 5 /OutC_F))
  )

  (module Eurocad:PJ301M-12-MoreMetal locked (layer F.Cu) (tedit 5CC366B9) (tstamp 5CAD1112)
    (at 23 100.5)
    (path /5BDDE9F8)
    (fp_text reference DigiOutJack1 (at 4.064 5.588) (layer F.SilkS) hide
      (effects (font (size 1 1) (thickness 0.15)))
    )
    (fp_text value PJ301M-12 (at 0 -7.112) (layer F.Fab)
      (effects (font (size 1 1) (thickness 0.15)))
    )
    (fp_line (start -1.8 0) (end 1.8 0) (layer F.SilkS) (width 0.15))
    (fp_line (start 0 -1.8) (end 0 1.8) (layer F.SilkS) (width 0.15))
    (fp_circle (center 0 0) (end 1.8 0) (layer F.SilkS) (width 0.15))
    (fp_line (start 4.5 -6.2) (end 4.5 4.7) (layer F.SilkS) (width 0.15))
    (fp_line (start -4.5 -6.2) (end -4.5 4.7) (layer F.SilkS) (width 0.15))
    (fp_line (start -4.5 4.7) (end 4.5 4.7) (layer F.SilkS) (width 0.15))
    (fp_line (start -4.5 -6.2) (end 4.5 -6.2) (layer F.SilkS) (width 0.15))
    (pad 2 thru_hole circle (at 0 3.38) (size 2.5 2.5) (drill 1.6) (layers *.Cu *.Mask)
      (net 15 "Net-(DigiOutJack1-Pad2)"))
    (pad 1 thru_hole circle (at 0 6.48) (size 2.5 2.5) (drill 1.6) (layers *.Cu *.Mask)
      (net 2 GND))
    (pad 3 thru_hole circle (at 0 -4.92) (size 2.5 2.5) (drill 1.6) (layers *.Cu *.Mask)
      (net 16 /OutM_F))
  )

  (module Package_TO_SOT_THT:TO-92L_HandSolder locked (layer F.Cu) (tedit 5A282C70) (tstamp 5CAD1230)
    (at 53.5 91 180)
    (descr "TO-92L leads in-line (large body variant of TO-92), also known as TO-226, wide, drill 0.75mm, hand-soldering variant with enlarged pads (see https://www.diodes.com/assets/Package-Files/TO92L.pdf and http://www.ti.com/lit/an/snoa059/snoa059.pdf)")
    (tags "to-92 sc-43 sc-43a sot54 PA33 transistor")
    (path /5BDF7627)
    (fp_text reference Q3 (at 1.27 -3.8 180) (layer F.SilkS)
      (effects (font (size 1 1) (thickness 0.15)))
    )
    (fp_text value 2N3904 (at 1.27 2.79 180) (layer F.Fab)
      (effects (font (size 1 1) (thickness 0.15)))
    )
    (fp_arc (start 1.27 0) (end 2.05 -2.45) (angle 117.6433766) (layer F.SilkS) (width 0.12))
    (fp_arc (start 1.27 0) (end 1.27 -2.48) (angle -135) (layer F.Fab) (width 0.1))
    (fp_arc (start 1.27 0) (end 0.45 -2.45) (angle -116.9763941) (layer F.SilkS) (width 0.12))
    (fp_arc (start 1.27 0) (end 1.27 -2.48) (angle 135) (layer F.Fab) (width 0.1))
    (fp_line (start 4 2.01) (end -1.46 2.01) (layer F.CrtYd) (width 0.05))
    (fp_line (start 4 2.01) (end 4 -3.05) (layer F.CrtYd) (width 0.05))
    (fp_line (start -1.45 -3.05) (end -1.46 2.01) (layer F.CrtYd) (width 0.05))
    (fp_line (start -1.46 -3.05) (end 4 -3.05) (layer F.CrtYd) (width 0.05))
    (fp_line (start -0.5 1.75) (end 3 1.75) (layer F.Fab) (width 0.1))
    (fp_line (start -0.53 1.85) (end 3.07 1.85) (layer F.SilkS) (width 0.12))
    (fp_text user %R (at 1.27 0 180) (layer F.Fab)
      (effects (font (size 1 1) (thickness 0.15)))
    )
    (pad 1 thru_hole rect (at 0 0 180) (size 1.1 1.8) (drill 0.75 (offset 0 0.4)) (layers *.Cu *.Mask)
      (net 34 "Net-(Q3-Pad1)"))
    (pad 3 thru_hole roundrect (at 2.54 0 180) (size 1.1 1.8) (drill 0.75 (offset 0 0.4)) (layers *.Cu *.Mask) (roundrect_rratio 0.25)
      (net 8 "Net-(D5-Pad1)"))
    (pad 2 thru_hole roundrect (at 1.27 -1.27 180) (size 1.1 1.8) (drill 0.75 (offset 0 -0.4)) (layers *.Cu *.Mask) (roundrect_rratio 0.25)
      (net 17 /OutT_F))
    (model ${KISYS3DMOD}/Package_TO_SOT_THT.3dshapes/TO-92L.wrl
      (at (xyz 0 0 0))
      (scale (xyz 1 1 1))
      (rotate (xyz 0 0 0))
    )
  )

  (module Package_TO_SOT_THT:TO-92L_HandSolder locked (layer F.Cu) (tedit 5A282C70) (tstamp 5CAD120C)
    (at 41.5 90.5 180)
    (descr "TO-92L leads in-line (large body variant of TO-92), also known as TO-226, wide, drill 0.75mm, hand-soldering variant with enlarged pads (see https://www.diodes.com/assets/Package-Files/TO92L.pdf and http://www.ti.com/lit/an/snoa059/snoa059.pdf)")
    (tags "to-92 sc-43 sc-43a sot54 PA33 transistor")
    (path /5BDC30F5)
    (fp_text reference Q1 (at 1.27 -3.8 180) (layer F.SilkS)
      (effects (font (size 1 1) (thickness 0.15)))
    )
    (fp_text value 2N3904 (at 1.27 2.79 180) (layer F.Fab)
      (effects (font (size 1 1) (thickness 0.15)))
    )
    (fp_arc (start 1.27 0) (end 2.05 -2.45) (angle 117.6433766) (layer F.SilkS) (width 0.12))
    (fp_arc (start 1.27 0) (end 1.27 -2.48) (angle -135) (layer F.Fab) (width 0.1))
    (fp_arc (start 1.27 0) (end 0.45 -2.45) (angle -116.9763941) (layer F.SilkS) (width 0.12))
    (fp_arc (start 1.27 0) (end 1.27 -2.48) (angle 135) (layer F.Fab) (width 0.1))
    (fp_line (start 4 2.01) (end -1.46 2.01) (layer F.CrtYd) (width 0.05))
    (fp_line (start 4 2.01) (end 4 -3.05) (layer F.CrtYd) (width 0.05))
    (fp_line (start -1.45 -3.05) (end -1.46 2.01) (layer F.CrtYd) (width 0.05))
    (fp_line (start -1.46 -3.05) (end 4 -3.05) (layer F.CrtYd) (width 0.05))
    (fp_line (start -0.5 1.75) (end 3 1.75) (layer F.Fab) (width 0.1))
    (fp_line (start -0.53 1.85) (end 3.07 1.85) (layer F.SilkS) (width 0.12))
    (fp_text user %R (at 1.27 0 180) (layer F.Fab)
      (effects (font (size 1 1) (thickness 0.15)))
    )
    (pad 1 thru_hole rect (at 0 0 180) (size 1.1 1.8) (drill 0.75 (offset 0 0.4)) (layers *.Cu *.Mask)
      (net 32 "Net-(Q1-Pad1)"))
    (pad 3 thru_hole roundrect (at 2.54 0 180) (size 1.1 1.8) (drill 0.75 (offset 0 0.4)) (layers *.Cu *.Mask) (roundrect_rratio 0.25)
      (net 6 "Net-(D3-Pad1)"))
    (pad 2 thru_hole roundrect (at 1.27 -1.27 180) (size 1.1 1.8) (drill 0.75 (offset 0 -0.4)) (layers *.Cu *.Mask) (roundrect_rratio 0.25)
      (net 5 /OutC_F))
    (model ${KISYS3DMOD}/Package_TO_SOT_THT.3dshapes/TO-92L.wrl
      (at (xyz 0 0 0))
      (scale (xyz 1 1 1))
      (rotate (xyz 0 0 0))
    )
  )

  (module Package_TO_SOT_THT:TO-92L_HandSolder locked (layer F.Cu) (tedit 5A282C70) (tstamp 5CAD121E)
    (at 29.5 91 180)
    (descr "TO-92L leads in-line (large body variant of TO-92), also known as TO-226, wide, drill 0.75mm, hand-soldering variant with enlarged pads (see https://www.diodes.com/assets/Package-Files/TO92L.pdf and http://www.ti.com/lit/an/snoa059/snoa059.pdf)")
    (tags "to-92 sc-43 sc-43a sot54 PA33 transistor")
    (path /5BDDEA08)
    (fp_text reference Q2 (at 1.27 -3.8 180) (layer F.SilkS)
      (effects (font (size 1 1) (thickness 0.15)))
    )
    (fp_text value 2N3904 (at 1.27 2.79 180) (layer F.Fab)
      (effects (font (size 1 1) (thickness 0.15)))
    )
    (fp_arc (start 1.27 0) (end 2.05 -2.45) (angle 117.6433766) (layer F.SilkS) (width 0.12))
    (fp_arc (start 1.27 0) (end 1.27 -2.48) (angle -135) (layer F.Fab) (width 0.1))
    (fp_arc (start 1.27 0) (end 0.45 -2.45) (angle -116.9763941) (layer F.SilkS) (width 0.12))
    (fp_arc (start 1.27 0) (end 1.27 -2.48) (angle 135) (layer F.Fab) (width 0.1))
    (fp_line (start 4 2.01) (end -1.46 2.01) (layer F.CrtYd) (width 0.05))
    (fp_line (start 4 2.01) (end 4 -3.05) (layer F.CrtYd) (width 0.05))
    (fp_line (start -1.45 -3.05) (end -1.46 2.01) (layer F.CrtYd) (width 0.05))
    (fp_line (start -1.46 -3.05) (end 4 -3.05) (layer F.CrtYd) (width 0.05))
    (fp_line (start -0.5 1.75) (end 3 1.75) (layer F.Fab) (width 0.1))
    (fp_line (start -0.53 1.85) (end 3.07 1.85) (layer F.SilkS) (width 0.12))
    (fp_text user %R (at 1.27 0 180) (layer F.Fab)
      (effects (font (size 1 1) (thickness 0.15)))
    )
    (pad 1 thru_hole rect (at 0 0 180) (size 1.1 1.8) (drill 0.75 (offset 0 0.4)) (layers *.Cu *.Mask)
      (net 33 "Net-(Q2-Pad1)"))
    (pad 3 thru_hole roundrect (at 2.54 0 180) (size 1.1 1.8) (drill 0.75 (offset 0 0.4)) (layers *.Cu *.Mask) (roundrect_rratio 0.25)
      (net 7 "Net-(D4-Pad1)"))
    (pad 2 thru_hole roundrect (at 1.27 -1.27 180) (size 1.1 1.8) (drill 0.75 (offset 0 -0.4)) (layers *.Cu *.Mask) (roundrect_rratio 0.25)
      (net 16 /OutM_F))
    (model ${KISYS3DMOD}/Package_TO_SOT_THT.3dshapes/TO-92L.wrl
      (at (xyz 0 0 0))
      (scale (xyz 1 1 1))
      (rotate (xyz 0 0 0))
    )
  )

  (module Eurocad:Alpha9mmPot locked (layer F.Cu) (tedit 5CA22A96) (tstamp 5CAD14F6)
    (at 29 22 90)
    (path /5BD9E565)
    (fp_text reference RV1 (at 0 9.5 90) (layer F.SilkS)
      (effects (font (size 1 1) (thickness 0.15)))
    )
    (fp_text value 10k (at 0 -6 90) (layer F.Fab)
      (effects (font (size 1 1) (thickness 0.15)))
    )
    (fp_line (start -4.75 -4.85) (end 4.75 -4.85) (layer F.SilkS) (width 0.15))
    (fp_line (start -4.75 6.5) (end 4.75 6.5) (layer F.SilkS) (width 0.15))
    (fp_line (start 4.75 -4.85) (end 4.75 6.5) (layer F.SilkS) (width 0.15))
    (fp_line (start -4.75 -4.85) (end -4.75 6.5) (layer F.SilkS) (width 0.15))
    (fp_circle (center 0 0) (end 3.175 0) (layer F.SilkS) (width 0.15))
    (fp_line (start 0 -1.27) (end 0 1.27) (layer F.SilkS) (width 0.15))
    (fp_line (start -1.27 0) (end 1.27 0) (layer F.SilkS) (width 0.15))
    (pad "" thru_hole circle (at 4.8 0 90) (size 2 2) (drill 1.8) (layers *.Cu *.Mask))
    (pad "" thru_hole circle (at -4.8 0 90) (size 2 2) (drill 1.8) (layers *.Cu *.Mask))
    (pad 3 thru_hole circle (at 2.5 7.5 90) (size 1.3 1.3) (drill 1) (layers *.Cu *.Mask)
      (net 9 /+3_3V))
    (pad 2 thru_hole circle (at 0 7.5 90) (size 1.3 1.3) (drill 1) (layers *.Cu *.Mask)
      (net 29 /Pot_Length_F))
    (pad 1 thru_hole circle (at -2.5 7.5 90) (size 1.3 1.3) (drill 1) (layers *.Cu *.Mask)
      (net 2 GND))
  )

  (module Eurocad:Alpha9mmPot locked (layer F.Cu) (tedit 5CA22A96) (tstamp 5CAD1506)
    (at 45 82 90)
    (path /5BD9FB7C)
    (fp_text reference RV2 (at 0 9.5 90) (layer F.SilkS)
      (effects (font (size 1 1) (thickness 0.15)))
    )
    (fp_text value 10k (at 0 -6 90) (layer F.Fab)
      (effects (font (size 1 1) (thickness 0.15)))
    )
    (fp_line (start -4.75 -4.85) (end 4.75 -4.85) (layer F.SilkS) (width 0.15))
    (fp_line (start -4.75 6.5) (end 4.75 6.5) (layer F.SilkS) (width 0.15))
    (fp_line (start 4.75 -4.85) (end 4.75 6.5) (layer F.SilkS) (width 0.15))
    (fp_line (start -4.75 -4.85) (end -4.75 6.5) (layer F.SilkS) (width 0.15))
    (fp_circle (center 0 0) (end 3.175 0) (layer F.SilkS) (width 0.15))
    (fp_line (start 0 -1.27) (end 0 1.27) (layer F.SilkS) (width 0.15))
    (fp_line (start -1.27 0) (end 1.27 0) (layer F.SilkS) (width 0.15))
    (pad "" thru_hole circle (at 4.8 0 90) (size 2 2) (drill 1.8) (layers *.Cu *.Mask))
    (pad "" thru_hole circle (at -4.8 0 90) (size 2 2) (drill 1.8) (layers *.Cu *.Mask))
    (pad 3 thru_hole circle (at 2.5 7.5 90) (size 1.3 1.3) (drill 1) (layers *.Cu *.Mask)
      (net 9 /+3_3V))
    (pad 2 thru_hole circle (at 0 7.5 90) (size 1.3 1.3) (drill 1) (layers *.Cu *.Mask)
      (net 27 /Pot_CVamt_F))
    (pad 1 thru_hole circle (at -2.5 7.5 90) (size 1.3 1.3) (drill 1) (layers *.Cu *.Mask)
      (net 2 GND))
  )

  (module Eurocad:Alpha9mmPot locked (layer F.Cu) (tedit 5CA22A96) (tstamp 5CAD1516)
    (at 29 41 90)
    (path /5BD98D43)
    (fp_text reference RV3 (at 0 -6 90) (layer F.SilkS)
      (effects (font (size 1 1) (thickness 0.15)))
    )
    (fp_text value 10k (at 0 -6 90) (layer F.Fab)
      (effects (font (size 1 1) (thickness 0.15)))
    )
    (fp_line (start -4.75 -4.85) (end 4.75 -4.85) (layer F.SilkS) (width 0.15))
    (fp_line (start -4.75 6.5) (end 4.75 6.5) (layer F.SilkS) (width 0.15))
    (fp_line (start 4.75 -4.85) (end 4.75 6.5) (layer F.SilkS) (width 0.15))
    (fp_line (start -4.75 -4.85) (end -4.75 6.5) (layer F.SilkS) (width 0.15))
    (fp_circle (center 0 0) (end 3.175 0) (layer F.SilkS) (width 0.15))
    (fp_line (start 0 -1.27) (end 0 1.27) (layer F.SilkS) (width 0.15))
    (fp_line (start -1.27 0) (end 1.27 0) (layer F.SilkS) (width 0.15))
    (pad "" thru_hole circle (at 4.8 0 90) (size 2 2) (drill 1.8) (layers *.Cu *.Mask))
    (pad "" thru_hole circle (at -4.8 0 90) (size 2 2) (drill 1.8) (layers *.Cu *.Mask))
    (pad 3 thru_hole circle (at 2.5 7.5 90) (size 1.3 1.3) (drill 1) (layers *.Cu *.Mask)
      (net 9 /+3_3V))
    (pad 2 thru_hole circle (at 0 7.5 90) (size 1.3 1.3) (drill 1) (layers *.Cu *.Mask)
      (net 28 /Pot_Divisions_F))
    (pad 1 thru_hole circle (at -2.5 7.5 90) (size 1.3 1.3) (drill 1) (layers *.Cu *.Mask)
      (net 2 GND))
  )

  (module Resistor_THT:R_Axial_DIN0207_L6.3mm_D2.5mm_P10.16mm_Horizontal (layer F.Cu) (tedit 5AE5139B) (tstamp 5CAD14C1)
    (at 40 73)
    (descr "Resistor, Axial_DIN0207 series, Axial, Horizontal, pin pitch=10.16mm, 0.25W = 1/4W, length*diameter=6.3*2.5mm^2, http://cdn-reichelt.de/documents/datenblatt/B400/1_4W%23YAG.pdf")
    (tags "Resistor Axial_DIN0207 series Axial Horizontal pin pitch 10.16mm 0.25W = 1/4W length 6.3mm diameter 2.5mm")
    (path /5BE1AEBB)
    (fp_text reference R27 (at 5.16 0) (layer F.SilkS)
      (effects (font (size 1 1) (thickness 0.15)))
    )
    (fp_text value 330 (at 5.08 2.37) (layer F.Fab)
      (effects (font (size 1 1) (thickness 0.15)))
    )
    (fp_line (start 1.93 -1.25) (end 1.93 1.25) (layer F.Fab) (width 0.1))
    (fp_line (start 1.93 1.25) (end 8.23 1.25) (layer F.Fab) (width 0.1))
    (fp_line (start 8.23 1.25) (end 8.23 -1.25) (layer F.Fab) (width 0.1))
    (fp_line (start 8.23 -1.25) (end 1.93 -1.25) (layer F.Fab) (width 0.1))
    (fp_line (start 0 0) (end 1.93 0) (layer F.Fab) (width 0.1))
    (fp_line (start 10.16 0) (end 8.23 0) (layer F.Fab) (width 0.1))
    (fp_line (start 1.81 -1.37) (end 1.81 1.37) (layer F.SilkS) (width 0.12))
    (fp_line (start 1.81 1.37) (end 8.35 1.37) (layer F.SilkS) (width 0.12))
    (fp_line (start 8.35 1.37) (end 8.35 -1.37) (layer F.SilkS) (width 0.12))
    (fp_line (start 8.35 -1.37) (end 1.81 -1.37) (layer F.SilkS) (width 0.12))
    (fp_line (start 1.04 0) (end 1.81 0) (layer F.SilkS) (width 0.12))
    (fp_line (start 9.12 0) (end 8.35 0) (layer F.SilkS) (width 0.12))
    (fp_line (start -1.05 -1.5) (end -1.05 1.5) (layer F.CrtYd) (width 0.05))
    (fp_line (start -1.05 1.5) (end 11.21 1.5) (layer F.CrtYd) (width 0.05))
    (fp_line (start 11.21 1.5) (end 11.21 -1.5) (layer F.CrtYd) (width 0.05))
    (fp_line (start 11.21 -1.5) (end -1.05 -1.5) (layer F.CrtYd) (width 0.05))
    (fp_text user %R (at 5.08 0) (layer F.Fab)
      (effects (font (size 1 1) (thickness 0.15)))
    )
    (pad 1 thru_hole circle (at 0 0) (size 1.6 1.6) (drill 0.8) (layers *.Cu *.Mask)
      (net 39 "Net-(D14-Pad2)"))
    (pad 2 thru_hole oval (at 10.16 0) (size 1.6 1.6) (drill 0.8) (layers *.Cu *.Mask)
      (net 14 /LED_Sh_F))
    (model ${KISYS3DMOD}/Resistor_THT.3dshapes/R_Axial_DIN0207_L6.3mm_D2.5mm_P10.16mm_Horizontal.wrl
      (at (xyz 0 0 0))
      (scale (xyz 1 1 1))
      (rotate (xyz 0 0 0))
    )
  )

  (module LED_THT:LED_D3.0mm locked (layer F.Cu) (tedit 587A3A7B) (tstamp 5CAD1003)
    (at 36 92 180)
    (descr "LED, diameter 3.0mm, 2 pins")
    (tags "LED diameter 3.0mm 2 pins")
    (path /5BDCC2C8)
    (fp_text reference D3 (at 1.27 -2.96 180) (layer F.SilkS)
      (effects (font (size 1 1) (thickness 0.15)))
    )
    (fp_text value LED (at 1.27 2.96 180) (layer F.Fab)
      (effects (font (size 1 1) (thickness 0.15)))
    )
    (fp_line (start 3.7 -2.25) (end -1.15 -2.25) (layer F.CrtYd) (width 0.05))
    (fp_line (start 3.7 2.25) (end 3.7 -2.25) (layer F.CrtYd) (width 0.05))
    (fp_line (start -1.15 2.25) (end 3.7 2.25) (layer F.CrtYd) (width 0.05))
    (fp_line (start -1.15 -2.25) (end -1.15 2.25) (layer F.CrtYd) (width 0.05))
    (fp_line (start -0.29 1.08) (end -0.29 1.236) (layer F.SilkS) (width 0.12))
    (fp_line (start -0.29 -1.236) (end -0.29 -1.08) (layer F.SilkS) (width 0.12))
    (fp_line (start -0.23 -1.16619) (end -0.23 1.16619) (layer F.Fab) (width 0.1))
    (fp_circle (center 1.27 0) (end 2.77 0) (layer F.Fab) (width 0.1))
    (fp_arc (start 1.27 0) (end 0.229039 1.08) (angle -87.9) (layer F.SilkS) (width 0.12))
    (fp_arc (start 1.27 0) (end 0.229039 -1.08) (angle 87.9) (layer F.SilkS) (width 0.12))
    (fp_arc (start 1.27 0) (end -0.29 1.235516) (angle -108.8) (layer F.SilkS) (width 0.12))
    (fp_arc (start 1.27 0) (end -0.29 -1.235516) (angle 108.8) (layer F.SilkS) (width 0.12))
    (fp_arc (start 1.27 0) (end -0.23 -1.16619) (angle 284.3) (layer F.Fab) (width 0.1))
    (pad 2 thru_hole circle (at 2.54 0 180) (size 1.8 1.8) (drill 0.9) (layers *.Cu *.Mask)
      (net 1 +12V))
    (pad 1 thru_hole rect (at 0 0 180) (size 1.8 1.8) (drill 0.9) (layers *.Cu *.Mask)
      (net 6 "Net-(D3-Pad1)"))
    (model ${KISYS3DMOD}/LED_THT.3dshapes/LED_D3.0mm.wrl
      (at (xyz 0 0 0))
      (scale (xyz 1 1 1))
      (rotate (xyz 0 0 0))
    )
  )

  (module LED_THT:LED_D3.0mm locked (layer F.Cu) (tedit 587A3A7B) (tstamp 5CAD1016)
    (at 24 92 180)
    (descr "LED, diameter 3.0mm, 2 pins")
    (tags "LED diameter 3.0mm 2 pins")
    (path /5BDDEA21)
    (fp_text reference D4 (at 1.27 -2.96 180) (layer F.SilkS)
      (effects (font (size 1 1) (thickness 0.15)))
    )
    (fp_text value LED (at 1.27 2.96 180) (layer F.Fab)
      (effects (font (size 1 1) (thickness 0.15)))
    )
    (fp_arc (start 1.27 0) (end -0.23 -1.16619) (angle 284.3) (layer F.Fab) (width 0.1))
    (fp_arc (start 1.27 0) (end -0.29 -1.235516) (angle 108.8) (layer F.SilkS) (width 0.12))
    (fp_arc (start 1.27 0) (end -0.29 1.235516) (angle -108.8) (layer F.SilkS) (width 0.12))
    (fp_arc (start 1.27 0) (end 0.229039 -1.08) (angle 87.9) (layer F.SilkS) (width 0.12))
    (fp_arc (start 1.27 0) (end 0.229039 1.08) (angle -87.9) (layer F.SilkS) (width 0.12))
    (fp_circle (center 1.27 0) (end 2.77 0) (layer F.Fab) (width 0.1))
    (fp_line (start -0.23 -1.16619) (end -0.23 1.16619) (layer F.Fab) (width 0.1))
    (fp_line (start -0.29 -1.236) (end -0.29 -1.08) (layer F.SilkS) (width 0.12))
    (fp_line (start -0.29 1.08) (end -0.29 1.236) (layer F.SilkS) (width 0.12))
    (fp_line (start -1.15 -2.25) (end -1.15 2.25) (layer F.CrtYd) (width 0.05))
    (fp_line (start -1.15 2.25) (end 3.7 2.25) (layer F.CrtYd) (width 0.05))
    (fp_line (start 3.7 2.25) (end 3.7 -2.25) (layer F.CrtYd) (width 0.05))
    (fp_line (start 3.7 -2.25) (end -1.15 -2.25) (layer F.CrtYd) (width 0.05))
    (pad 1 thru_hole rect (at 0 0 180) (size 1.8 1.8) (drill 0.9) (layers *.Cu *.Mask)
      (net 7 "Net-(D4-Pad1)"))
    (pad 2 thru_hole circle (at 2.54 0 180) (size 1.8 1.8) (drill 0.9) (layers *.Cu *.Mask)
      (net 1 +12V))
    (model ${KISYS3DMOD}/LED_THT.3dshapes/LED_D3.0mm.wrl
      (at (xyz 0 0 0))
      (scale (xyz 1 1 1))
      (rotate (xyz 0 0 0))
    )
  )

  (module LED_THT:LED_D3.0mm locked (layer F.Cu) (tedit 587A3A7B) (tstamp 5CAD1029)
    (at 48 92 180)
    (descr "LED, diameter 3.0mm, 2 pins")
    (tags "LED diameter 3.0mm 2 pins")
    (path /5BDF7640)
    (fp_text reference D5 (at 1.27 -2.96 180) (layer F.SilkS)
      (effects (font (size 1 1) (thickness 0.15)))
    )
    (fp_text value LED (at 1.27 2.96 180) (layer F.Fab)
      (effects (font (size 1 1) (thickness 0.15)))
    )
    (fp_line (start 3.7 -2.25) (end -1.15 -2.25) (layer F.CrtYd) (width 0.05))
    (fp_line (start 3.7 2.25) (end 3.7 -2.25) (layer F.CrtYd) (width 0.05))
    (fp_line (start -1.15 2.25) (end 3.7 2.25) (layer F.CrtYd) (width 0.05))
    (fp_line (start -1.15 -2.25) (end -1.15 2.25) (layer F.CrtYd) (width 0.05))
    (fp_line (start -0.29 1.08) (end -0.29 1.236) (layer F.SilkS) (width 0.12))
    (fp_line (start -0.29 -1.236) (end -0.29 -1.08) (layer F.SilkS) (width 0.12))
    (fp_line (start -0.23 -1.16619) (end -0.23 1.16619) (layer F.Fab) (width 0.1))
    (fp_circle (center 1.27 0) (end 2.77 0) (layer F.Fab) (width 0.1))
    (fp_arc (start 1.27 0) (end 0.229039 1.08) (angle -87.9) (layer F.SilkS) (width 0.12))
    (fp_arc (start 1.27 0) (end 0.229039 -1.08) (angle 87.9) (layer F.SilkS) (width 0.12))
    (fp_arc (start 1.27 0) (end -0.29 1.235516) (angle -108.8) (layer F.SilkS) (width 0.12))
    (fp_arc (start 1.27 0) (end -0.29 -1.235516) (angle 108.8) (layer F.SilkS) (width 0.12))
    (fp_arc (start 1.27 0) (end -0.23 -1.16619) (angle 284.3) (layer F.Fab) (width 0.1))
    (pad 2 thru_hole circle (at 2.54 0 180) (size 1.8 1.8) (drill 0.9) (layers *.Cu *.Mask)
      (net 1 +12V))
    (pad 1 thru_hole rect (at 0 0 180) (size 1.8 1.8) (drill 0.9) (layers *.Cu *.Mask)
      (net 8 "Net-(D5-Pad1)"))
    (model ${KISYS3DMOD}/LED_THT.3dshapes/LED_D3.0mm.wrl
      (at (xyz 0 0 0))
      (scale (xyz 1 1 1))
      (rotate (xyz 0 0 0))
    )
  )

  (module LED_THT:LED_D3.0mm locked (layer F.Cu) (tedit 587A3A7B) (tstamp 5CAD10B8)
    (at 17.5 30)
    (descr "LED, diameter 3.0mm, 2 pins")
    (tags "LED diameter 3.0mm 2 pins")
    (path /5CA124E6)
    (fp_text reference D10 (at 1.27 -2.96) (layer F.SilkS)
      (effects (font (size 1 1) (thickness 0.15)))
    )
    (fp_text value LED (at 1.27 2.96) (layer F.Fab)
      (effects (font (size 1 1) (thickness 0.15)))
    )
    (fp_arc (start 1.27 0) (end -0.23 -1.16619) (angle 284.3) (layer F.Fab) (width 0.1))
    (fp_arc (start 1.27 0) (end -0.29 -1.235516) (angle 108.8) (layer F.SilkS) (width 0.12))
    (fp_arc (start 1.27 0) (end -0.29 1.235516) (angle -108.8) (layer F.SilkS) (width 0.12))
    (fp_arc (start 1.27 0) (end 0.229039 -1.08) (angle 87.9) (layer F.SilkS) (width 0.12))
    (fp_arc (start 1.27 0) (end 0.229039 1.08) (angle -87.9) (layer F.SilkS) (width 0.12))
    (fp_circle (center 1.27 0) (end 2.77 0) (layer F.Fab) (width 0.1))
    (fp_line (start -0.23 -1.16619) (end -0.23 1.16619) (layer F.Fab) (width 0.1))
    (fp_line (start -0.29 -1.236) (end -0.29 -1.08) (layer F.SilkS) (width 0.12))
    (fp_line (start -0.29 1.08) (end -0.29 1.236) (layer F.SilkS) (width 0.12))
    (fp_line (start -1.15 -2.25) (end -1.15 2.25) (layer F.CrtYd) (width 0.05))
    (fp_line (start -1.15 2.25) (end 3.7 2.25) (layer F.CrtYd) (width 0.05))
    (fp_line (start 3.7 2.25) (end 3.7 -2.25) (layer F.CrtYd) (width 0.05))
    (fp_line (start 3.7 -2.25) (end -1.15 -2.25) (layer F.CrtYd) (width 0.05))
    (pad 1 thru_hole rect (at 0 0) (size 1.8 1.8) (drill 0.9) (layers *.Cu *.Mask)
      (net 2 GND))
    (pad 2 thru_hole circle (at 2.54 0) (size 1.8 1.8) (drill 0.9) (layers *.Cu *.Mask)
      (net 35 "Net-(D10-Pad2)"))
    (model ${KISYS3DMOD}/LED_THT.3dshapes/LED_D3.0mm.wrl
      (at (xyz 0 0 0))
      (scale (xyz 1 1 1))
      (rotate (xyz 0 0 0))
    )
  )

  (module LED_THT:LED_D3.0mm locked (layer F.Cu) (tedit 587A3A7B) (tstamp 5CAD10CB)
    (at 17.5 49)
    (descr "LED, diameter 3.0mm, 2 pins")
    (tags "LED diameter 3.0mm 2 pins")
    (path /5CA1A63E)
    (fp_text reference D11 (at 1.27 -2.96) (layer F.SilkS)
      (effects (font (size 1 1) (thickness 0.15)))
    )
    (fp_text value LED (at 1.27 2.96) (layer F.Fab)
      (effects (font (size 1 1) (thickness 0.15)))
    )
    (fp_line (start 3.7 -2.25) (end -1.15 -2.25) (layer F.CrtYd) (width 0.05))
    (fp_line (start 3.7 2.25) (end 3.7 -2.25) (layer F.CrtYd) (width 0.05))
    (fp_line (start -1.15 2.25) (end 3.7 2.25) (layer F.CrtYd) (width 0.05))
    (fp_line (start -1.15 -2.25) (end -1.15 2.25) (layer F.CrtYd) (width 0.05))
    (fp_line (start -0.29 1.08) (end -0.29 1.236) (layer F.SilkS) (width 0.12))
    (fp_line (start -0.29 -1.236) (end -0.29 -1.08) (layer F.SilkS) (width 0.12))
    (fp_line (start -0.23 -1.16619) (end -0.23 1.16619) (layer F.Fab) (width 0.1))
    (fp_circle (center 1.27 0) (end 2.77 0) (layer F.Fab) (width 0.1))
    (fp_arc (start 1.27 0) (end 0.229039 1.08) (angle -87.9) (layer F.SilkS) (width 0.12))
    (fp_arc (start 1.27 0) (end 0.229039 -1.08) (angle 87.9) (layer F.SilkS) (width 0.12))
    (fp_arc (start 1.27 0) (end -0.29 1.235516) (angle -108.8) (layer F.SilkS) (width 0.12))
    (fp_arc (start 1.27 0) (end -0.29 -1.235516) (angle 108.8) (layer F.SilkS) (width 0.12))
    (fp_arc (start 1.27 0) (end -0.23 -1.16619) (angle 284.3) (layer F.Fab) (width 0.1))
    (pad 2 thru_hole circle (at 2.54 0) (size 1.8 1.8) (drill 0.9) (layers *.Cu *.Mask)
      (net 36 "Net-(D11-Pad2)"))
    (pad 1 thru_hole rect (at 0 0) (size 1.8 1.8) (drill 0.9) (layers *.Cu *.Mask)
      (net 2 GND))
    (model ${KISYS3DMOD}/LED_THT.3dshapes/LED_D3.0mm.wrl
      (at (xyz 0 0 0))
      (scale (xyz 1 1 1))
      (rotate (xyz 0 0 0))
    )
  )

  (module LED_THT:LED_D3.0mm locked (layer F.Cu) (tedit 587A3A7B) (tstamp 5CAD10DE)
    (at 17.5 68)
    (descr "LED, diameter 3.0mm, 2 pins")
    (tags "LED diameter 3.0mm 2 pins")
    (path /5CA22ABC)
    (fp_text reference D12 (at 1.27 -2.96) (layer F.SilkS)
      (effects (font (size 1 1) (thickness 0.15)))
    )
    (fp_text value LED (at 1.27 2.96) (layer F.Fab)
      (effects (font (size 1 1) (thickness 0.15)))
    )
    (fp_arc (start 1.27 0) (end -0.23 -1.16619) (angle 284.3) (layer F.Fab) (width 0.1))
    (fp_arc (start 1.27 0) (end -0.29 -1.235516) (angle 108.8) (layer F.SilkS) (width 0.12))
    (fp_arc (start 1.27 0) (end -0.29 1.235516) (angle -108.8) (layer F.SilkS) (width 0.12))
    (fp_arc (start 1.27 0) (end 0.229039 -1.08) (angle 87.9) (layer F.SilkS) (width 0.12))
    (fp_arc (start 1.27 0) (end 0.229039 1.08) (angle -87.9) (layer F.SilkS) (width 0.12))
    (fp_circle (center 1.27 0) (end 2.77 0) (layer F.Fab) (width 0.1))
    (fp_line (start -0.23 -1.16619) (end -0.23 1.16619) (layer F.Fab) (width 0.1))
    (fp_line (start -0.29 -1.236) (end -0.29 -1.08) (layer F.SilkS) (width 0.12))
    (fp_line (start -0.29 1.08) (end -0.29 1.236) (layer F.SilkS) (width 0.12))
    (fp_line (start -1.15 -2.25) (end -1.15 2.25) (layer F.CrtYd) (width 0.05))
    (fp_line (start -1.15 2.25) (end 3.7 2.25) (layer F.CrtYd) (width 0.05))
    (fp_line (start 3.7 2.25) (end 3.7 -2.25) (layer F.CrtYd) (width 0.05))
    (fp_line (start 3.7 -2.25) (end -1.15 -2.25) (layer F.CrtYd) (width 0.05))
    (pad 1 thru_hole rect (at 0 0) (size 1.8 1.8) (drill 0.9) (layers *.Cu *.Mask)
      (net 2 GND))
    (pad 2 thru_hole circle (at 2.54 0) (size 1.8 1.8) (drill 0.9) (layers *.Cu *.Mask)
      (net 37 "Net-(D12-Pad2)"))
    (model ${KISYS3DMOD}/LED_THT.3dshapes/LED_D3.0mm.wrl
      (at (xyz 0 0 0))
      (scale (xyz 1 1 1))
      (rotate (xyz 0 0 0))
    )
  )

  (module LED_THT:LED_D3.0mm locked (layer F.Cu) (tedit 587A3A7B) (tstamp 5CAD10F1)
    (at 17.5 72.5)
    (descr "LED, diameter 3.0mm, 2 pins")
    (tags "LED diameter 3.0mm 2 pins")
    (path /5CA696F8)
    (fp_text reference D13 (at 1.27 3.5) (layer F.SilkS)
      (effects (font (size 1 1) (thickness 0.15)))
    )
    (fp_text value LED (at 1.27 2.96) (layer F.Fab)
      (effects (font (size 1 1) (thickness 0.15)))
    )
    (fp_arc (start 1.27 0) (end -0.23 -1.16619) (angle 284.3) (layer F.Fab) (width 0.1))
    (fp_arc (start 1.27 0) (end -0.29 -1.235516) (angle 108.8) (layer F.SilkS) (width 0.12))
    (fp_arc (start 1.27 0) (end -0.29 1.235516) (angle -108.8) (layer F.SilkS) (width 0.12))
    (fp_arc (start 1.27 0) (end 0.229039 -1.08) (angle 87.9) (layer F.SilkS) (width 0.12))
    (fp_arc (start 1.27 0) (end 0.229039 1.08) (angle -87.9) (layer F.SilkS) (width 0.12))
    (fp_circle (center 1.27 0) (end 2.77 0) (layer F.Fab) (width 0.1))
    (fp_line (start -0.23 -1.16619) (end -0.23 1.16619) (layer F.Fab) (width 0.1))
    (fp_line (start -0.29 -1.236) (end -0.29 -1.08) (layer F.SilkS) (width 0.12))
    (fp_line (start -0.29 1.08) (end -0.29 1.236) (layer F.SilkS) (width 0.12))
    (fp_line (start -1.15 -2.25) (end -1.15 2.25) (layer F.CrtYd) (width 0.05))
    (fp_line (start -1.15 2.25) (end 3.7 2.25) (layer F.CrtYd) (width 0.05))
    (fp_line (start 3.7 2.25) (end 3.7 -2.25) (layer F.CrtYd) (width 0.05))
    (fp_line (start 3.7 -2.25) (end -1.15 -2.25) (layer F.CrtYd) (width 0.05))
    (pad 1 thru_hole rect (at 0 0) (size 1.8 1.8) (drill 0.9) (layers *.Cu *.Mask)
      (net 2 GND))
    (pad 2 thru_hole circle (at 2.54 0) (size 1.8 1.8) (drill 0.9) (layers *.Cu *.Mask)
      (net 38 "Net-(D13-Pad2)"))
    (model ${KISYS3DMOD}/LED_THT.3dshapes/LED_D3.0mm.wrl
      (at (xyz 0 0 0))
      (scale (xyz 1 1 1))
      (rotate (xyz 0 0 0))
    )
  )

  (module LED_THT:LED_D3.0mm locked (layer F.Cu) (tedit 587A3A7B) (tstamp 5CAD1104)
    (at 38 66.5 270)
    (descr "LED, diameter 3.0mm, 2 pins")
    (tags "LED diameter 3.0mm 2 pins")
    (path /5BE1B149)
    (fp_text reference D14 (at 1.27 3 270) (layer F.SilkS)
      (effects (font (size 1 1) (thickness 0.15)))
    )
    (fp_text value LED (at 1.27 2.96 270) (layer F.Fab)
      (effects (font (size 1 1) (thickness 0.15)))
    )
    (fp_line (start 3.7 -2.25) (end -1.15 -2.25) (layer F.CrtYd) (width 0.05))
    (fp_line (start 3.7 2.25) (end 3.7 -2.25) (layer F.CrtYd) (width 0.05))
    (fp_line (start -1.15 2.25) (end 3.7 2.25) (layer F.CrtYd) (width 0.05))
    (fp_line (start -1.15 -2.25) (end -1.15 2.25) (layer F.CrtYd) (width 0.05))
    (fp_line (start -0.29 1.08) (end -0.29 1.236) (layer F.SilkS) (width 0.12))
    (fp_line (start -0.29 -1.236) (end -0.29 -1.08) (layer F.SilkS) (width 0.12))
    (fp_line (start -0.23 -1.16619) (end -0.23 1.16619) (layer F.Fab) (width 0.1))
    (fp_circle (center 1.27 0) (end 2.77 0) (layer F.Fab) (width 0.1))
    (fp_arc (start 1.27 0) (end 0.229039 1.08) (angle -87.9) (layer F.SilkS) (width 0.12))
    (fp_arc (start 1.27 0) (end 0.229039 -1.08) (angle 87.9) (layer F.SilkS) (width 0.12))
    (fp_arc (start 1.27 0) (end -0.29 1.235516) (angle -108.8) (layer F.SilkS) (width 0.12))
    (fp_arc (start 1.27 0) (end -0.29 -1.235516) (angle 108.8) (layer F.SilkS) (width 0.12))
    (fp_arc (start 1.27 0) (end -0.23 -1.16619) (angle 284.3) (layer F.Fab) (width 0.1))
